7,320,127,318,128,336,7,338,
119,301,139,301,139,316,119,316,
5,301,60,299,61,314,5,316,
66,301,114,300,114,312,67,312,
171,194,171,182,191,182,191,194,
190,192,191,181,199,182,198,193,
199,181,230,180,230,190,200,192,
233,189,233,179,242,179,242,189,
245,188,245,179,273,179,273,188,
276,186,276,177,298,177,298,186,
301,175,328,173,328,183,301,185,
334,174,365,172,365,181,334,183,
383,180,383,171,399,171,399,180,
369,171,382,171,382,181,369,181,
416,169,433,169,434,178,416,179,
439,168,487,165,488,175,440,178,
492,165,526,163,526,174,492,176,
216,162,248,162,249,176,217,176,
252,160,283,159,284,174,253,176,
288,159,332,155,333,170,289,173,
339,156,403,153,403,165,339,168,
411,150,473,148,474,163,412,165,
267,110,418,103,420,148,269,155,
195,103,273,90,277,114,199,127,
433,91,458,90,459,107,434,108,
