423,309,423,303,488,303,488,309,
490,302,507,302,507,309,490,309,
400,309,400,302,421,302,421,309,
151,256,151,248,158,248,158,256,
204,258,204,243,273,243,273,258,
440,257,440,243,504,243,504,257,
76,242,148,240,149,259,77,261,
401,260,401,240,435,241,435,261,
356,259,357,240,397,242,396,261,
37,261,38,239,74,241,73,263,
161,261,162,238,200,239,199,262,
2,260,3,239,35,240,34,262,
424,226,424,208,477,208,477,226,
216,229,217,205,262,205,261,230,
4,226,4,205,65,207,64,227,
481,226,481,206,505,206,505,226,
178,205,214,205,214,226,178,226,
157,229,157,206,174,206,174,229,
327,228,327,205,347,205,347,228,
265,226,266,202,322,204,322,228,
70,227,70,203,125,203,125,227,
385,229,385,202,420,202,420,229,
349,228,349,199,382,199,382,228,
130,227,131,199,156,200,156,228,
291,180,292,118,450,120,449,182,
67,179,70,102,264,109,261,186,
237,90,237,61,324,62,324,91,
332,93,332,60,385,60,385,93,
390,94,390,59,436,59,436,94,
180,91,182,55,230,58,228,94,
81,89,81,52,171,52,171,89,
