44,330,44,322,73,322,73,330,
13,330,13,321,40,321,40,330,
384,326,385,317,397,319,396,328,
332,324,333,315,348,316,348,325,
318,323,318,315,332,315,332,323,
305,323,305,315,317,315,317,323,
285,322,285,312,304,313,303,323,
270,324,270,312,284,312,284,324,
251,319,252,311,269,312,268,321,
237,320,237,309,250,309,250,320,
212,318,213,308,236,310,235,321,
372,316,372,302,393,302,393,316,
394,318,394,301,412,301,412,318,
353,315,353,301,371,301,371,315,
333,315,333,301,352,301,352,315,
509,310,509,300,528,300,528,310,
299,313,300,298,328,299,327,314,
183,316,186,296,213,299,210,319,
258,310,258,296,291,297,290,312,
216,309,217,293,250,295,249,311,
164,316,164,292,184,292,184,316,
140,291,163,290,165,318,141,319,
12,282,12,277,45,279,45,284,
316,276,316,271,324,271,324,276,
56,276,56,265,102,268,102,279,
326,279,327,262,404,268,403,284,
265,270,266,265,273,267,271,273,
7,273,8,263,52,265,51,275,
212,268,212,262,220,262,220,268,
274,277,275,257,315,260,313,280,
220,273,222,252,265,255,263,277,
7,260,8,254,31,255,30,261,
160,268,162,247,210,251,208,272,
378,262,380,246,393,248,391,263,
358,260,359,246,379,247,378,261,
339,258,340,243,359,244,357,260,
317,256,318,243,339,244,338,257,
299,255,300,241,316,242,315,255,
272,251,273,237,299,239,298,253,
243,250,245,235,268,237,267,252,
218,246,219,230,243,233,241,249,
198,245,198,230,217,230,217,245,
175,243,176,228,197,229,196,244,
341,220,343,205,380,209,378,224,
290,213,292,198,340,204,338,219,
238,206,239,193,287,198,285,211,
182,200,184,185,226,190,224,206,
260,186,260,175,317,180,316,190,
201,181,203,166,258,171,256,186,
336,166,341,101,399,106,395,171,
229,158,240,79,338,92,328,172,
161,135,173,62,235,73,223,145,
290,60,296,31,349,43,343,71,
231,45,235,23,291,34,287,56,
