90,446,116,444,117,460,91,462,
120,444,203,440,204,455,121,458,
214,455,214,439,251,439,251,455,
256,440,373,434,373,446,256,452,
384,433,430,431,430,445,385,446,
432,444,432,430,463,430,463,444,
464,430,528,428,528,442,465,443,
113,436,113,417,132,417,132,436,
92,437,92,415,112,415,112,437,
162,416,189,414,190,431,163,433,
134,415,161,413,163,433,135,435,
227,429,227,413,251,413,251,429,
199,431,199,410,226,410,226,431,
252,408,285,406,286,427,253,429,
295,409,341,407,341,424,296,426,
343,406,366,406,366,425,343,425,
400,404,432,404,432,425,400,425,
368,423,368,405,391,405,391,423,
432,422,432,401,457,401,457,422,
509,421,509,400,530,400,530,421,
458,421,458,400,484,400,484,421,
492,418,493,399,509,400,508,419,
366,323,508,319,509,366,368,370,
125,314,342,312,343,372,126,375,
184,270,242,269,242,297,185,298,
247,297,247,268,281,268,281,297,
151,298,151,269,179,269,179,298,
81,267,146,266,146,298,82,299,
367,294,367,262,422,262,422,294,
428,294,428,261,482,261,482,294,
488,298,488,260,543,260,543,298,
284,297,284,262,315,262,315,297,
318,297,318,257,362,257,362,297,
290,235,297,232,302,240,294,243,
282,243,282,233,291,233,291,243,
380,243,380,231,400,231,400,243,
314,232,337,229,338,242,316,244,
262,181,421,180,421,218,263,219,
296,169,296,150,384,153,383,172,
