569,783,570,749,637,752,636,786,sống
311,776,311,746,363,746,363,776,đẹp
245,771,246,745,304,747,303,773,Làm
113,773,113,744,193,744,193,773,MyTV
620,743,621,720,684,722,683,745,cách
525,743,527,717,612,722,610,748,Phong
459,743,459,716,510,716,510,743,dục
388,738,389,712,453,716,452,742,Giáo
304,712,369,711,369,735,304,736,khỏe
240,736,241,710,296,711,295,737,Sức
93,737,95,708,156,712,154,741,Nhịp
162,737,163,706,214,708,214,738,cầu
400,704,403,605,507,609,503,708,A
251,700,256,600,363,605,357,706,Q
567,511,654,511,654,530,567,530,Games
481,535,481,510,521,510,521,535,nhi
306,530,306,506,366,509,365,532,thao
147,533,147,505,229,506,229,534,truyện
397,532,398,504,472,507,471,535,Thiểu
244,530,246,500,299,502,298,532,Thể
81,530,83,500,139,503,137,532,Đọc
554,326,554,303,659,304,659,327,Karaoke
421,328,423,299,493,303,492,331,Nhạc
274,321,275,297,341,300,340,324,Phim
179,321,179,291,241,293,241,322,hình
81,320,82,288,173,290,172,322,Truyền
664,213,665,88,784,90,782,215,VB