1187,840,1197,831,1202,836,1193,846,nto
1122,833,1146,825,1150,835,1126,844,unto
1156,836,1187,821,1192,831,1161,846,Essunto's
1227,833,1266,821,1269,831,1230,842,Asson
1091,832,1122,822,1125,831,1094,841,Essanto
1040,825,1061,818,1064,829,1043,835,unto
1014,822,1036,815,1039,824,1017,832,tunto
1200,831,1243,814,1247,824,1204,841,Gestissanty
987,817,1008,812,1010,821,989,826,sunto
1188,821,1221,810,1225,820,1192,831,Assanto
1148,823,1192,806,1195,816,1152,832,Sfistunts
1246,812,1270,803,1274,814,1250,823,QUẤT
1123,819,1167,803,1171,814,1127,830,Sfissonto
1069,828,1131,804,1134,814,1073,838,unto@fissante
1060,818,1102,803,1105,812,1064,828,StAssunto
965,813,1005,799,1009,808,969,823,SAssanto
1038,813,1079,797,1083,807,1041,823,CRestunto
1010,809,1050,796,1054,806,1013,819,GAssanto
943,809,985,793,989,803,946,818,GtAssunto
1225,807,1269,790,1273,801,1229,818,Ộthessunts
935,797,956,791,959,801,938,808,lunto
1195,804,1239,789,1242,799,1199,813,Gassunto
1134,802,1180,787,1183,798,1137,813,Grissanto
1169,802,1214,786,1217,797,1173,813,GAssunto
1105,800,1147,784,1151,794,1109,810,Assonto
1179,785,1192,785,1192,794,1179,794,*
1006,797,1048,782,1052,792,1010,807,AssAssanto
1152,791,1152,782,1163,782,1163,791,R
1081,794,1124,779,1128,790,1085,805,GAssunto
1053,794,1094,778,1097,788,1056,803,Grissonto
987,792,1027,777,1031,787,990,801,GAssunto
1243,786,1276,776,1279,785,1246,795,AssAsso
957,790,997,775,1001,784,961,799,GAssonto
1189,783,1222,770,1226,779,1192,792,Assanto
940,782,971,770,974,779,943,791,Assunto
1216,783,1261,769,1265,779,1219,794,Offissonto
1159,781,1192,768,1196,777,1162,790,Assanto
1051,780,1094,765,1097,774,1055,789,GrAssunto
1125,778,1169,762,1173,772,1129,788,Crissunto
1098,776,1140,760,1143,770,1101,785,Stissanto
1029,775,1072,760,1075,770,1032,784,GlAssanto
1000,773,1041,757,1045,766,1003,782,GrAssanto
974,767,1015,752,1018,762,977,777,CrAssonto
1225,769,1268,752,1271,760,1228,776,Grissunto
1195,766,1238,750,1242,758,1199,775,CAssonto
947,765,989,749,992,758,950,774,GrAssunto
1094,763,1137,747,1141,757,1098,772,Assunto
1171,761,1214,746,1217,755,1174,770,GAssante
269,762,311,743,316,753,273,772,nte
1141,759,1185,743,1187,751,1144,767,GAssanto
1074,757,1118,741,1121,750,1077,766,Grissunto
1044,754,1088,738,1091,748,1048,763,GAssunto
241,758,291,737,296,749,246,770,Breantereante
943,752,981,737,985,746,946,761,Assunto
233,750,265,734,270,746,239,762,&aunts
1244,747,1277,736,1279,744,1247,754,GrAssun
1018,750,1060,734,1064,744,1022,759,GrAssunto
314,739,332,733,336,745,318,751,TOM
173,750,211,731,218,745,180,764,TesCreame
150,750,184,731,190,742,156,761,TcSsson
945,743,945,734,958,734,958,743,nto
209,748,241,729,249,743,217,762,PAMSUNG
991,747,1033,731,1037,741,994,756,GAssonto
1140,745,1182,729,1186,738,1143,754,Crassunte
1228,740,1261,727,1264,734,1231,747,Assanto
104,741,137,721,146,736,113,755,Schuant
1187,741,1231,724,1234,731,1190,748,GLASSUNTO
1118,740,1162,723,1166,732,1121,749,AssAssanto
1088,737,1132,721,1135,730,1091,746,S'Assonto
294,736,328,719,333,730,300,747,&tissonto
986,734,1027,720,1029,728,989,742,GAssunta
214,731,244,716,251,730,221,745,GaRount
1066,731,1109,716,1112,724,1069,739,GAssanto
958,731,1002,715,1005,724,961,740,CAssunto
268,731,300,716,305,726,273,741,StAssanto
245,731,274,711,283,724,254,744,Strmasso
69,744,130,707,144,730,83,767,Denarre
1034,729,1079,713,1083,722,1038,738,GiAssanta
947,724,978,711,981,719,950,731,Astunto
1184,726,1228,710,1232,719,1188,735,GAssanto
167,726,201,709,207,721,173,738,QUAMANTE
141,724,170,707,177,719,148,736,Creant
54,722,88,702,96,715,62,735,@GROUME
1236,721,1277,706,1280,714,1239,729,Grassant
304,714,330,704,334,715,308,725,LAMO
1164,721,1208,703,1212,712,1167,729,GAssunto
1133,719,1178,701,1181,710,1136,727,GrAssanto
1031,716,1073,701,1075,709,1033,724,GAssanto
248,715,278,701,283,710,252,725,Assant
280,713,314,697,319,708,285,724,GAssuntu
1002,715,1043,698,1046,705,1005,722,Asssunto
1108,714,1153,696,1156,705,1112,723,GASSUNTO
1079,712,1121,696,1124,703,1081,719,CAssonto
949,710,985,695,988,704,952,718,Assunto
981,709,1024,692,1028,701,984,717,GAssanta
200,708,233,692,238,703,205,719,Tolissunto
1232,707,1276,691,1279,699,1235,715,GAssunto
175,707,206,690,212,700,180,717,Cristanto
1209,701,1254,685,1258,694,1213,710,GAssanto
42,697,72,682,77,692,47,707,Crestmunt
1179,700,1223,682,1226,690,1182,708,GrAssunto
281,699,316,682,321,692,286,708,Acsunto
1078,697,1119,679,1123,688,1081,706,GAssunto
137,709,200,678,205,689,142,721,ShooshesCreame
1047,693,1091,677,1095,687,1051,703,AssAssanto
1156,693,1202,677,1205,687,1160,703,Grissunto
987,693,1029,677,1032,684,990,701,GAssanto
1259,680,1277,675,1279,685,1261,689,CO
205,691,238,674,242,683,210,700,Resant
1126,691,1170,674,1173,683,1129,700,GAssanto
957,691,999,674,1002,683,961,699,Assunto
1023,691,1068,673,1071,682,1026,700,Cassonto
952,676,976,668,979,676,955,684,sunto
1227,679,1273,662,1276,671,1231,688,GAssunto
292,678,325,661,329,670,296,686,CAssunto
1125,676,1169,659,1172,668,1128,685,GAssanto
590,682,592,658,669,663,667,687,FIDELITY
1207,674,1251,657,1254,665,1210,682,GAssonto
1095,673,1140,656,1143,665,1098,682,GrAssunto
1034,673,1075,657,1078,664,1037,680,GASSANTO
1070,671,1114,655,1117,665,1073,681,Assonto
1175,671,1219,654,1223,663,1179,680,MAssanto
1003,671,1046,653,1049,661,1006,678,Assonto
67,667,98,652,103,662,72,677,COASsonto
978,665,1021,648,1025,658,982,675,Sfissonto
1223,655,1231,647,1236,652,1228,660,3
304,654,325,646,328,655,307,663,Guan
1255,654,1277,646,1280,655,1258,663,CAM
954,660,990,646,993,655,958,669,Assunto
1175,656,1218,640,1221,648,1178,664,AssAsso
1145,653,1190,636,1193,645,1148,662,GAssunto
1079,655,1122,637,1125,644,1082,662,AssAssunto
279,652,311,636,315,645,283,661,RAssunto
1116,652,1161,635,1165,645,1119,661,GrAssanto
100,650,131,635,136,645,105,660,Camunts
1046,652,1090,635,1094,643,1049,660,GrAssanto
1234,648,1268,634,1271,641,1237,655,Assanto
1224,643,1224,634,1236,634,1236,643,*
956,643,989,631,993,641,960,653,Assanto
136,663,199,629,204,639,141,673,StRasteSflewers
138,645,171,629,176,639,143,655,Fortsante
1023,646,1067,629,1070,638,1026,655,CrAssunto
992,644,1034,627,1038,636,995,653,C'Assunto
271,641,304,625,308,632,275,648,AssAssunte
1233,633,1268,619,1270,626,1236,640,Assunto
1124,634,1169,617,1172,626,1127,643,GAssanto
190,651,255,616,259,624,195,660,ChianteSTreate
1192,634,1237,615,1241,624,1196,643,Cifissunto
1094,632,1137,614,1141,623,1098,641,GrAssanto
136,630,166,614,172,625,141,641,GAssanto
1165,632,1210,614,1214,623,1169,641,AssAssanto
307,618,324,614,326,624,309,628,CAR
988,631,1031,613,1034,621,992,638,Assont
107,628,139,612,144,621,112,638,Resunto
201,629,235,612,240,621,206,638,Assonto
55,628,84,612,90,622,60,639,Stmanh
28,627,58,610,63,619,33,636,QuAssant
175,626,207,608,212,617,180,634,Stresanto
1069,627,1113,610,1116,617,1072,634,GASSUNTO
1038,625,1082,607,1085,615,1041,632,AssAssunto
967,624,1013,606,1016,615,970,633,AssAssonto
959,611,982,603,985,612,962,620,sunta
1241,612,1277,599,1280,607,1244,621,Asson
287,614,320,598,324,606,291,623,RAssunto
1173,612,1220,595,1223,604,1177,622,AssAssunto
171,611,202,595,207,604,176,620,CAssonto
1214,611,1259,594,1262,602,1217,619,GAssanto
1142,610,1188,594,1192,603,1145,620,GAssunto
241,608,272,592,276,601,245,616,AssAsso
144,609,175,592,180,601,149,618,CAsssunts
1036,610,1080,591,1083,600,1039,618,Assunto
121,607,153,589,158,598,126,617,Tetrantu
212,606,243,589,248,598,217,615,Assanto
1115,607,1161,588,1165,597,1118,616,Assanto
1263,590,1273,587,1276,595,1265,598,Đ
1085,604,1128,587,1132,596,1088,613,AssAsso
1011,604,1056,587,1060,596,1015,613,GAssunte
40,602,70,585,75,594,44,611,GrAssunte
20,597,41,583,47,591,26,605,Roant
980,602,1025,584,1029,594,984,611,CAssunto
258,613,319,583,323,590,262,621,Astcents
962,596,1003,579,1006,586,965,603,SAssanto
208,591,238,575,243,583,212,599,Fefissante
1222,592,1268,574,1271,581,1224,600,AssAssunto
91,608,155,572,160,582,96,618,HoantisTricume
181,589,214,572,218,580,185,598,SAmunto
1190,590,1237,571,1241,581,1194,600,Assunto
154,589,189,570,194,580,159,598,Toanto
1080,589,1127,570,1131,580,1084,598,CAssunto
248,586,280,570,284,578,252,594,Assunto
1164,585,1211,568,1215,578,1167,595,GRuanto
74,583,103,567,108,576,79,592,Asssunt
276,589,318,565,323,574,281,598,Assonta
1134,582,1179,564,1183,573,1138,591,GAssanta
1058,583,1105,565,1108,574,1062,592,AssAssunto
1028,581,1072,563,1076,572,1031,590,GAssunto
1000,578,1046,557,1050,566,1004,586,Assunto
242,572,275,555,279,564,246,580,Assanto
1239,568,1276,554,1279,563,1243,577,CoAsson
968,576,1015,555,1019,564,971,584,Assunto
154,573,190,554,194,562,159,582,Assanto
636,559,659,539,716,605,693,624,HOSPITAL
214,569,249,553,253,562,218,578,GAssonto
63,607,161,552,166,561,68,616,ShartiSPepardChanh
550,598,605,539,625,558,570,616,ASSUNTA
191,569,223,551,228,560,196,578,Assunto
38,567,72,551,76,560,42,577,Camisso
1129,568,1175,550,1178,559,1133,577,Assunto
282,567,316,550,320,558,287,576,AssAssunto
47,580,110,545,116,555,52,590,Denam
1214,565,1259,546,1263,553,1217,573,GAssanto
1105,562,1152,544,1156,553,1109,571,GAssassanto
1184,561,1231,543,1234,552,1188,570,GrAssanto
1074,560,1120,542,1124,551,1078,569,GAssanto
969,558,1014,540,1017,550,973,567,GAssunto
1264,540,1275,540,1275,550,1264,550,&
1049,554,1094,537,1098,546,1053,564,GAssanto
969,549,969,539,984,539,984,549,nto
277,554,313,534,316,541,280,561,AssAssanto
1017,552,1063,534,1067,543,1021,562,GAssAssanto
227,549,261,531,265,540,232,558,AssAssanto
165,548,199,531,204,540,170,558,Assanto
1180,545,1227,527,1231,536,1184,554,GAssunto
107,564,174,526,179,535,112,573,Denanto&Gream
18,562,83,525,88,535,23,572,Crissame
113,543,145,526,150,535,118,552,Cpissento
14,547,54,523,59,532,19,556,etSTEMENT
1235,540,1275,523,1278,530,1238,547,Assunt
1155,541,1202,521,1206,531,1159,550,Assonto
1123,539,1169,521,1172,530,1126,548,GAssanto
1014,538,1060,519,1063,528,1017,547,Assanto
251,549,314,517,318,525,255,557,CricsuntsCrease
982,536,1028,516,1032,525,986,545,C'Assonto
1096,534,1145,514,1148,523,1099,543,CAssonto
1062,532,1111,513,1114,522,1066,541,Assunto
195,550,261,512,266,521,199,559,Hoants&Theaume
73,548,138,511,144,520,78,558,SchountsClinam
970,525,1003,511,1007,519,974,534,Assanto
264,529,298,510,302,517,268,536,Assunta
1232,523,1275,507,1279,517,1236,532,Assont
177,524,212,507,216,516,182,533,GsAssunto
150,522,183,503,188,512,155,531,TpAssante
296,508,314,501,318,511,300,518,BAR
8,532,67,497,73,506,14,541,Acunte
1207,517,1256,497,1260,506,1210,525,Assunto
6,516,38,496,43,504,11,524,D'sissante
1063,515,1109,496,1113,505,1067,524,CAssonto
1173,515,1221,495,1225,505,1177,525,&Assanto
1030,513,1076,494,1080,503,1034,523,CAssanto
1145,512,1193,492,1197,502,1149,521,AssAssunto
201,529,271,490,275,498,206,537,StrestsFoMounts
140,508,175,491,180,500,145,517,Assunto
1113,510,1160,490,1164,499,1117,519,GrAssunto
1004,508,1050,489,1054,499,1008,517,Assunto
1256,494,1276,486,1280,495,1259,503,WA
973,506,1018,486,1022,496,977,515,AssAsso
212,505,249,486,253,494,217,513,Assansonto
264,510,310,483,315,493,269,520,OffesantsQi
187,502,219,484,224,492,191,510,GAsstunte
86,523,157,482,162,491,91,531,Danantmanter
1110,493,1158,473,1162,483,1114,503,AssAsso
1223,493,1272,473,1275,480,1226,500,AssAssunto
1078,490,1126,472,1129,481,1082,500,Assonto
178,487,213,469,218,478,183,496,AssAssunto
1199,488,1248,469,1251,477,1202,496,GAssunto
274,486,311,467,315,476,278,494,Assanta
1164,486,1212,466,1216,475,1167,496,GAssunto
1052,485,1101,466,1105,476,1056,495,AssAssunto
974,487,1027,464,1031,473,978,497,Assonto
153,483,190,464,195,473,158,492,ClAssonto
1020,483,1067,462,1071,472,1024,493,Assunto
58,520,159,461,165,471,64,530,ChartyChoolsChoOdnec
2,498,65,461,70,470,7,507,Schuus
224,480,259,461,263,469,228,487,Assonto
1,481,38,459,43,468,6,490,Rissours
976,469,1006,456,1010,465,980,478,issunto
40,494,107,454,112,464,45,503,Strente
1251,464,1276,453,1281,463,1255,474,COAS
245,484,309,449,315,459,251,494,CreamserGaturg
1161,470,1209,451,1213,460,1165,480,AssAssunto
1127,468,1175,447,1180,457,1131,478,GASSUNTO
217,465,251,447,256,456,222,474,Assanto
1214,464,1261,444,1265,452,1217,472,Assont
1100,463,1150,443,1154,453,1104,472,AssAssunto
1068,460,1116,439,1120,449,1073,470,Assumia
1031,460,1078,439,1083,450,1035,470,Assonto
978,450,1008,438,1012,447,982,460,ssunto
67,496,171,434,177,444,73,506,ShoothClabouodShowers
1006,452,1054,435,1058,446,1010,464,HAsssunte
193,460,238,432,243,441,199,469,TeAssonto
110,452,143,433,148,443,115,461,Assanto
257,460,306,432,312,441,262,469,Erfasonto
0,463,48,432,54,441,3,472,sanhs&TÂSunte
0,445,20,428,26,437,3,454,Rssunto
254,443,291,424,296,433,259,452,Assunto
236,435,266,419,270,428,240,443,Assunto
162,457,234,416,240,426,168,467,Stricents&Treaser
68,458,136,416,142,426,74,467,ShopontsTreams
39,456,108,414,114,423,45,465,SticsonisCrewsers
289,421,308,413,313,424,294,431,BAR
178,431,212,414,216,423,183,440,Assunto
0,424,22,408,28,417,3,433,Atsanto
266,417,304,397,309,406,271,426,Assonto
137,416,175,396,180,406,142,425,Assonto
235,416,273,395,277,404,240,425,Assinto
108,414,145,394,150,403,113,423,AssAssunto
215,409,252,391,257,400,220,418,AssAssanto
146,430,218,388,224,398,151,440,Breepanto&House
50,429,120,386,127,397,57,439,SalesontsHussorts
21,428,90,385,97,395,27,438,ChecsatsCrisame
23,406,59,387,64,396,28,415,Coante
0,401,29,384,34,395,2,411,Tespor
1015,224,1024,143,1043,145,1033,226,TELEVEN