146,292,146,285,152,285,152,292,-
115,281,143,281,143,294,115,294,SƠN
84,280,112,279,112,294,85,295,SÓC
175,278,200,278,201,295,176,296,NỘI
154,294,154,278,173,278,173,294,HÀ
85,279,85,263,108,263,108,279,ĐỊA
162,275,162,263,185,263,185,275,70A
111,276,111,261,137,261,137,276,CHỈ:
189,261,216,260,216,274,189,275,PHỦ
285,262,341,260,341,270,286,273,TEL/FAX:
345,272,345,260,364,260,364,272,04.
140,276,140,259,160,259,160,276,SỐ
367,260,416,260,416,270,367,270,8848275
219,275,219,257,238,257,238,275,LỖ
255,222,334,221,334,248,255,249,DỊCH
167,242,167,223,243,223,243,242,GIAO
393,218,432,217,433,241,394,242,06
70,211,155,209,156,243,71,246,ĐIỂM
341,209,386,207,387,241,342,242,SỐ
72,202,72,158,117,158,117,202,CHI
221,156,289,155,290,199,222,199,NHCT
123,150,213,148,214,198,124,201,NHÁNH
376,150,433,150,433,196,376,196,ANH
295,146,369,146,369,197,295,197,ĐÔNG
160,101,414,98,414,119,160,121,INCOMBank
157,88,157,71,197,72,197,89,NGÂN
244,86,244,71,283,71,283,86,CÔNG
201,72,239,71,239,87,202,88,HÀNG
288,71,345,71,345,84,288,84,THƯƠNG
384,69,418,68,418,83,384,84,NAM
350,88,350,67,381,67,381,88,VIỆT