402,369,402,347,557,347,557,369,minhtri.net
188,363,189,345,203,346,202,364,CHA
354,335,354,324,370,324,370,335,CHẢ
330,334,330,322,354,322,354,334,VYTỈN-
189,335,189,313,219,314,218,336,HUYÊN
360,319,360,304,380,304,380,319,CHÂ
331,317,332,302,359,303,358,318,HUYỂN
353,299,353,288,379,288,379,299,THUỐC
335,299,335,287,350,287,350,299,NHÀ
191,284,219,284,219,306,191,306,TÂY
191,278,191,255,223,255,223,278,THUỐC
193,249,193,227,220,227,220,249,NHÀ
560,223,560,211,570,211,570,223,T
164,204,164,195,185,195,185,204,29/6A
199,203,199,195,229,195,229,203,32.KP2
239,195,255,194,256,203,239,204,TÂN
186,204,186,194,198,194,198,204,TO
295,201,295,194,306,194,306,201,Q.
551,209,551,192,570,192,570,209,.0
525,209,525,191,551,191,551,209,99
304,201,304,194,316,194,316,201,12
254,203,254,193,272,193,272,203,THỜI
272,202,272,193,292,193,292,202,NHẤT
403,198,403,190,417,190,417,198,ĐT:
231,192,231,184,245,184,245,192,DS:
525,192,525,178,548,178,548,192,GÀ
551,192,551,178,570,178,570,192,H&
172,173,229,171,229,183,173,184,CHUYÊN
232,183,232,171,262,171,262,183,BÁN
301,170,335,169,336,182,301,183,LOẠI
266,170,297,168,298,181,267,183,CÁC
341,167,392,164,393,177,342,180,THUỐC
397,163,427,162,428,179,398,181,NỘI
434,164,484,162,484,175,434,176,NGOẠI
213,143,321,138,322,164,215,169,HUYỀN
338,141,431,136,432,160,339,165,CHÂU
445,161,445,137,469,137,469,161,9
245,119,293,117,294,133,246,136,NHÀ
524,147,524,112,569,112,569,147,Kay
299,116,379,112,380,129,300,132,THUỐC
389,110,441,108,441,127,389,129,TÂY
498,109,520,108,521,132,499,133,THÁI