464,823,464,814,480,814,480,823,224
422,822,422,815,442,815,442,822,0935
381,822,381,814,418,814,418,822,HOTLINE
445,823,446,813,462,814,462,824,669
395,787,395,775,457,777,457,789,MYTHUATY
383,759,410,720,421,728,394,767,mythuatt
417,731,418,721,449,723,448,733,d.com
415,721,415,708,430,708,430,721,KÍNH
409,690,432,690,432,704,409,704,CHUYÊN
385,581,385,573,398,573,398,581,444
375,573,384,573,384,580,375,580,767
359,580,359,573,374,573,374,580,0941
340,580,340,572,356,572,356,580,6677
327,573,339,573,339,580,327,580,656
310,580,310,572,327,572,327,580,0236
136,572,151,572,151,582,136,582,ĐIỆN
240,580,240,572,273,572,273,580,vịpedu.vn
167,581,167,571,181,571,181,581,PHỦ
151,571,166,571,166,581,151,581,BIỀN
195,580,195,571,216,571,216,580,NẴNG
184,580,184,571,194,571,194,580,ĐÀ
231,577,235,570,242,573,238,581,e
117,581,117,570,135,570,135,581,9721
258,558,258,545,289,545,289,558,ANH
298,544,337,544,337,561,298,561,NHẬT
344,559,344,542,379,543,379,561,HÀN
242,538,242,510,300,510,300,538,NGOẠI
126,534,126,511,186,511,186,534,TRUNG
355,536,355,509,392,509,392,536,VJP
307,506,350,506,350,535,307,535,NGỮ
193,535,193,506,234,506,234,535,TÂM
478,378,478,373,492,373,492,378,THƠI
464,378,464,373,478,373,478,378,KINH
477,370,477,364,499,364,499,370,KÍNH
463,363,463,357,481,357,481,363,thang
347,348,356,338,383,363,374,373,0935
458,350,458,327,501,327,501,350,NG
314,319,322,309,351,333,343,343,LINE
469,306,500,305,500,322,470,323,HIỆU
147,166,155,156,197,193,188,203,HOTLIN
110,132,118,122,132,134,123,144,22
319,105,348,105,348,109,319,109,09417674444
171,109,171,105,181,105,181,109,ĐIỀN
194,105,204,105,204,109,194,109,PHỐ
183,109,183,105,192,105,192,109,BIỀN
157,110,157,105,170,105,170,110,Trai
83,108,93,96,116,115,106,127,669
316,100,316,93,340,93,340,100,ĐỘNG
298,100,298,94,313,94,313,100,LAO
237,100,237,94,248,94,248,100,SƯ
180,93,203,93,203,100,180,100,CUNG
225,100,225,93,235,93,235,100,KỸ
205,100,205,93,222,93,222,100,ỨNG
275,100,275,92,295,92,295,100,KHẨU
251,94,271,93,271,99,252,100,XUẤT
316,92,316,85,335,85,335,92,HỌC
225,91,225,85,249,86,249,91,NGOẠI
303,92,303,84,316,84,316,92,DU
275,85,285,85,285,92,275,92,TƯ
251,84,269,84,269,92,251,92,NGỮ
207,84,222,84,222,92,207,92,TẠO
286,92,286,84,302,84,302,92,VẤN
187,91,187,84,204,84,204,91,ĐÀO
51,81,65,67,94,93,81,108,0935
332,82,332,70,351,70,351,82,VJP
244,69,265,69,265,84,244,84,HỢP
155,83,155,69,182,69,182,83,CÔNG
267,83,267,69,287,69,287,83,TÁC
183,83,183,69,197,69,197,83,TY
288,83,288,68,315,68,315,83,QUỐC
215,82,215,68,242,68,242,82,PHẦN
317,82,317,67,331,67,331,82,TẾ
199,82,199,67,214,67,214,82,CỔ
175,61,175,57,187,57,187,61,TAI
187,56,222,55,222,60,187,60,VIETNAM
168,54,183,53,183,57,168,58,HỌC
186,52,207,52,207,56,186,56,TIENG
207,55,207,51,228,51,228,55,NHẬT
269,49,285,49,285,55,269,55,BẢO
248,54,249,48,266,49,266,55,ĐẦM
167,44,201,42,201,48,168,50,MIỀN
266,46,266,42,286,43,286,47,KHASAN
205,42,230,40,230,47,206,49,PHÍ
190,29,190,25,207,25,207,29,HỌC
178,25,189,25,189,30,178,30,DU
0,33,8,20,60,62,50,75,HOTLINE
245,29,245,25,282,25,282,30,CÔNGVJP
208,25,244,25,244,28,208,28,NHẬTBAN