403,422,451,420,453,488,405,490,BỘ
276,468,279,413,398,420,394,476,ĐƯỜNG
309,399,312,353,390,357,388,404,GIAO
394,404,397,350,510,356,507,410,THÔNG
216,406,219,338,306,342,303,409,LUẬT
363,332,367,277,462,283,459,338,HÀNH
267,327,270,266,362,271,359,332,CHẤP
322,271,322,214,369,214,369,271,TỰ
370,266,373,210,452,214,449,270,GIÁC
272,204,313,202,316,258,275,260,LÀ
348,195,351,146,458,153,455,201,THÔNG
263,190,266,147,344,152,341,195,GIAO
361,132,365,80,432,85,429,137,HÓA
288,127,291,75,360,79,357,132,VĂN