50,752,54,722,110,730,106,760,50.000đ
21,749,26,718,44,721,38,752,30
63,713,66,685,114,690,111,719,PHÒNG
31,710,34,681,65,684,62,714,VĂN
56,679,59,652,98,656,95,683,CƠM
237,614,238,601,271,602,270,615,PLEASE
226,595,226,576,290,578,289,597,WELCOME
42,625,51,543,133,552,125,634,20%
103,538,107,494,137,497,133,541,giá
57,535,63,489,108,495,102,540,giảm
94,480,98,440,147,445,143,485,TRƯƠNG
65,477,68,442,96,444,93,480,KHAI
75,322,128,321,128,332,76,333,ĐC:P.118
512,333,512,320,609,320,609,333,TEL:0437727879
157,333,157,319,200,319,200,333,THÀNH
134,334,134,319,156,319,156,334,H2
202,319,240,318,240,333,202,334,CÔNG
77,300,77,230,349,230,349,300,Friends
381,231,607,227,608,301,382,305,world
305,200,307,135,455,142,453,207,Café