637,454,639,425,782,431,781,460,0903611961
434,444,434,431,447,431,447,444,-
585,453,585,422,631,422,631,453,Tel:
450,449,450,420,517,420,517,449,Q.BT
316,452,317,416,387,417,386,453,Nghĩa
390,448,391,418,431,419,430,449,P.2
260,450,260,415,312,415,312,450,Hữu
108,415,208,415,208,444,108,444,280/76A
208,446,211,410,260,413,257,450,Bùi
332,388,337,255,768,272,763,405,CHUM
105,210,297,206,301,398,108,402,XÌ
372,200,372,79,482,79,482,200,vặt
281,74,364,74,364,201,281,201,ăn
97,58,271,55,273,208,100,211,quán