471,366,556,365,556,385,472,385,Ngưôn
565,381,566,365,591,368,589,384,IE
162,342,162,332,171,332,171,342,-
124,328,160,328,160,343,124,343,SƠN
85,345,85,327,120,327,120,345,SÓC
201,347,201,323,232,323,232,347,NỘI
173,324,197,323,198,344,174,345,HÀ
85,306,115,305,115,325,86,325,ĐỊA
183,320,183,305,213,305,213,320,70A
119,321,119,303,152,303,152,321,CHỈ:
218,302,252,302,252,319,218,319,PHỦ
341,304,411,301,412,315,342,317,TEL/FAX:
155,321,155,301,181,301,181,321,SỐ
446,313,446,302,509,302,509,313,8848275
418,316,418,301,441,301,441,316,04.
255,320,256,296,280,297,280,321,LỖ
302,252,403,250,403,284,302,286,DỊCH
189,254,286,254,286,279,189,279,GIAO
478,248,527,245,529,276,479,278,06
68,238,175,235,176,281,69,283,ĐIỂM
412,235,469,234,470,277,413,278,SỐ
69,228,69,170,127,170,127,228,CHI
259,168,346,166,347,223,260,225,NHCT
134,161,248,157,250,223,136,226,NHÁNH
455,162,529,161,530,220,456,221,ANH
352,155,448,154,448,221,353,222,ĐÔNG
181,98,504,95,504,121,181,124,INCOMBank
233,60,283,60,283,80,234,81,HÀNG
177,82,177,59,229,59,229,82,NGÂN
344,59,417,59,418,77,345,78,THƯƠNG
288,79,288,59,338,59,338,79,CÔNG
467,57,509,56,510,75,467,76,NAM
423,81,423,55,462,55,462,81,VIỆT