21,374,21,364,33,364,33,374,14
98,373,98,363,118,363,118,373,LINH
65,375,65,361,87,361,87,375,DIỆN
46,374,46,361,65,361,65,374,VĨNH
89,373,89,362,97,362,97,373,P.
148,362,158,361,159,373,149,374,Q.
33,374,33,361,45,361,45,374,TÔ
180,372,180,359,200,359,200,372,ĐỨC
160,372,160,359,179,359,179,372,THỦ
119,373,119,359,145,359,145,373,CHIỂU
301,359,318,359,318,369,301,369,ĐT:
321,360,395,358,396,366,322,368,08.3722.0539
139,336,139,295,214,295,214,336,Sữa
243,338,244,244,389,244,389,338,96
100,253,164,247,168,291,104,297,Trà