511,447,511,439,596,439,596,447,0905538679
453,446,453,434,480,434,480,446,ER
544,432,544,422,596,422,596,432,224888
510,422,541,421,542,431,510,432,0905
583,411,584,403,599,404,598,412,vn
505,410,505,403,580,403,580,410,www.Aeros.
177,220,177,206,238,206,238,220,WWW
248,220,248,205,302,205,302,220,Aero
123,189,129,173,153,181,147,198,PHAM
112,187,113,166,128,167,127,188,NV
101,136,101,123,134,123,134,136,184A
138,122,178,122,178,136,138,136,CMT8
186,136,186,121,235,121,235,136,P10.Q3
146,38,425,38,425,91,146,91,MODEL