336,324,349,324,350,329,336,329,khos
424,330,424,323,435,323,435,330,âm
409,323,424,322,424,330,409,331,Siều
317,320,317,314,335,314,335,320,Khám
352,320,352,314,368,314,368,320,Quất
336,320,336,314,351,314,351,320,Tông
438,320,438,313,456,313,456,320,Họng
422,320,422,313,435,313,435,320,MHA
408,320,408,313,419,313,419,320,Tại
566,305,598,302,600,326,568,329,PHÒNG
489,236,518,236,518,249,489,249,299A
588,219,588,210,600,210,600,219,CH
586,210,586,200,600,200,600,210,CÔ
112,201,118,201,118,208,112,208,-
75,209,75,196,111,196,111,209,299A
177,210,177,194,216,194,216,210,Trung
120,195,171,193,172,210,120,212,Nguyễn
223,209,223,193,254,193,254,209,Trực
279,194,330,192,331,204,279,206,Hotline:
335,204,335,192,369,192,369,204,0962
372,204,372,191,398,191,398,204,906
402,203,402,190,428,190,428,203,996
438,202,438,190,472,190,472,202,0297
476,201,476,189,511,189,511,201,3900
514,188,542,187,543,200,515,201,866
133,123,227,122,228,179,134,180,GÒN
66,182,73,119,132,125,125,188,SÀI
232,122,304,119,308,187,236,191,+
311,120,394,116,397,173,314,177,PHÚ
401,112,529,101,535,172,407,183,QUỐC
129,90,223,88,224,120,130,122,PHÒNG
375,90,453,87,454,113,376,116,KHOA
235,118,235,86,318,86,318,118,KHÁM
326,88,368,84,371,117,328,120,ĐA