399,283,400,274,426,275,425,285,www
391,270,397,270,398,286,392,286,I
324,278,325,265,390,270,389,284,4)62677666
295,279,296,262,318,263,317,280,(84
276,278,276,263,295,263,295,278,Tel
233,278,234,259,257,261,256,279,Nội
212,273,213,257,232,259,231,275,Hà
175,272,175,256,206,256,206,272,Toàn
131,269,132,253,172,255,171,271,Khánh
75,268,75,249,127,251,126,270,Nguyễn
32,263,33,244,69,246,68,265,92/5
447,250,447,235,464,235,464,250,NC
417,252,417,233,447,234,446,253,ANH
384,250,385,227,416,228,415,252,TÂM
333,245,334,225,385,228,383,248,TRUNG
276,241,278,216,332,220,330,245,THỐNG
248,243,248,214,274,214,274,243,HỆ
141,234,143,211,223,218,220,241,Academy
50,225,52,203,141,209,140,231,American
262,188,266,118,457,129,453,199,AMES