885,1050,917,1048,918,1070,887,1072,IỤC
873,1027,921,1023,922,1044,875,1048,JUỘM
47,1009,200,996,202,1031,50,1043,PHARMA
868,1022,868,1000,895,1000,895,1022,ÉP
857,996,857,974,895,974,895,996,UỐN
447,964,490,957,492,971,450,977,ARM
837,950,871,946,874,967,839,970,NAM
880,942,903,942,903,965,880,965,NỮ
87,940,157,936,159,972,89,975,VIN
450,922,482,920,483,935,451,938,VIN
769,899,809,896,811,923,771,927,VIN
434,879,489,877,490,905,435,906,THUỐC
68,869,182,865,184,908,70,913,THUỐC
938,870,938,859,970,859,970,870,THỰPHE
749,849,813,843,816,877,752,883,THUỐC
438,868,438,847,477,847,477,868,NHÀ
936,846,966,844,967,858,937,860,TUYỂN
92,851,92,810,165,810,165,851,NHÀ
754,805,795,803,797,834,755,836,NHÀ
869,754,928,754,928,770,869,770,GON
858,676,859,661,931,665,931,680,0918982555
830,677,830,658,855,658,855,677,ĐT:
794,673,795,656,823,658,821,675,22h
765,673,765,654,787,654,787,673,7h
736,671,736,652,761,652,761,671,cửa
710,650,732,650,732,669,710,669,mở
682,666,683,647,708,649,706,668,Giờ
375,649,377,629,436,632,435,652,GPKD:
318,649,320,623,359,626,356,652,Huệ
258,642,259,619,314,622,313,645,Minh
224,639,226,616,254,618,252,642,Lê
187,643,187,616,223,616,223,643,sỹ:
122,637,124,610,181,614,179,641,Dược
954,630,957,606,1009,613,1006,637,14A21
726,562,729,537,777,542,775,567,GPP
554,550,558,519,617,525,614,557,ĐẠT
625,552,628,517,720,525,717,561,CHUẨN
443,529,446,496,549,506,545,539,THUỐC
352,518,355,486,432,494,429,526,NHÀ
625,469,625,453,638,453,638,469,a
652,475,657,442,887,480,882,513,VINPHARMA
604,465,604,449,621,449,621,465,m
581,457,588,444,601,450,594,463,r
570,458,570,443,583,443,583,458,a
550,438,565,438,565,456,550,456,h
532,435,546,435,546,455,532,455,p
539,430,544,399,625,415,619,445,Vin
310,430,316,377,502,398,496,451,THUỐC
158,405,165,346,302,364,295,423,NHÀ