150,464,150,441,308,441,308,464,02466)595698
334,465,334,439,454,439,454,465,0965111133
536,419,542,401,655,436,649,454,keep
359,426,359,380,455,380,455,426,AN
144,421,145,374,326,378,326,425,TOÀN
129,243,159,242,159,260,130,261,ĐC:
161,242,183,240,185,257,163,259,54
186,238,213,236,214,255,188,257,HÀ
216,238,254,236,255,251,217,253,HUY
257,233,292,230,293,248,258,250,TẬP
305,230,329,228,330,245,305,246,TP
331,224,362,223,364,244,333,246,HÀ
365,223,414,218,416,238,367,243,TÍNH
653,197,697,194,699,216,655,220,ĐT:
703,197,865,183,866,199,705,213,0944.325.335