60,581,60,576,88,576,88,581,Advertising
347,575,347,562,567,563,567,575,quangcaothuongl@gmai.com
255,574,255,561,288,561,288,574,2222
300,574,300,561,340,562,339,575,Email:
215,574,215,561,232,561,232,574,38
186,575,186,561,212,561,212,575,024
131,575,131,560,184,560,184,575,Hotline:
234,574,234,561,250,561,250,574,81
57,577,58,553,118,554,117,579,TLP
512,556,512,538,558,539,557,557,102
509,516,509,501,555,501,555,517,NĂNG
32,501,32,484,68,484,68,501,GPP
507,493,507,478,553,478,553,493,CHỨC
151,485,151,476,185,476,185,485,konZinđing
506,471,506,454,552,454,552,471,PHẨM
22,448,83,447,83,468,23,469,CHUẨN
203,460,204,442,245,443,245,461,SATEMPARTION
304,450,304,444,320,444,320,450,GIAN
320,450,321,441,365,442,365,452,BAUNHANH
506,451,506,436,547,436,547,451,THỰC
499,407,499,388,545,388,545,407,PHẨM
30,389,85,388,85,407,30,408,THUỐC
2,401,2,391,21,391,21,401,QUỐC
13,389,13,378,26,378,26,389,ĐÁ
0,388,2,377,13,379,12,389,NG
495,385,495,371,547,371,547,385,THÀNH
43,377,43,360,78,360,78,377,NHÀ
493,350,544,350,544,365,493,365,THUỐC
7,360,7,351,28,351,28,360,3.019
2,339,2,328,30,328,30,339,fa24h
207,335,207,327,214,327,214,335,G
215,334,215,327,232,327,232,334,HANH
302,326,316,326,316,333,302,333,BAN
283,326,300,326,300,333,283,333,KHOE
269,333,269,326,281,326,281,333,SỨC
255,333,255,326,268,326,268,333,sóc
234,326,254,325,254,333,234,334,CHĂM
252,323,252,312,288,312,288,323,Hương
214,323,214,312,247,312,247,323,Thuốc
291,311,326,311,326,324,291,324,Giang
574,278,574,265,598,265,598,278,102
74,221,94,221,94,232,74,232,03
41,230,42,221,78,222,77,232,GPS:
146,231,146,220,175,220,175,231,HNO
119,220,135,220,135,232,119,232,16
102,232,102,221,114,221,114,232,0
456,230,456,220,492,220,492,230,7h00
504,219,548,219,548,229,505,230,22h00
423,230,423,219,453,219,453,230,cửa:
396,219,419,219,419,230,396,230,mở
368,230,368,218,392,218,392,230,Giờ
102,206,144,206,144,217,102,217,Trương
41,217,41,205,77,205,77,217,Dược
149,204,181,204,181,217,149,217,Minh
185,217,185,204,212,204,212,217,Hôa
79,219,79,204,100,204,100,219,sỹ:
368,204,389,204,389,215,368,215,ĐT:
453,214,453,203,485,203,485,214,988
392,205,456,203,456,214,392,216,0972769
173,188,173,167,236,167,236,188,THÀNH
310,189,310,166,362,166,362,189,THỰC
101,188,101,166,166,166,166,188,THUỐC
32,187,32,167,71,167,71,187,BÁN
75,189,75,166,97,166,97,189,LẺ
434,183,434,164,492,164,492,183,CHỨC
498,164,558,162,559,181,499,183,NĂNG
368,162,427,161,427,184,369,186,PHẨM
241,162,298,161,299,187,242,189,PHẨM
83,152,83,105,287,105,287,152,HƯƠNG
317,102,507,102,507,151,318,151,GIANG
269,85,269,57,314,57,314,85,102
112,84,112,57,166,57,166,84,NHÀ
174,56,263,54,264,81,175,84,THUỐC
318,54,392,53,393,80,319,82,CHÙA
398,52,472,51,472,77,399,78,LÁNG