20,501,20,488,36,488,36,501,TD
316,388,316,367,346,367,346,388,CHUYÊN
39,385,40,359,69,360,67,387,THUẬT
319,343,339,343,339,360,319,360,NGHE
44,327,340,312,342,339,45,354,OMEDIA:0972.889.29
44,321,44,302,71,302,71,321,HENNA
211,303,212,293,239,294,238,304,Nguyễn
320,296,320,275,336,275,336,296,ĐÀO
54,291,55,268,69,269,68,291,UẼ
361,379,363,245,379,245,378,379,094888888888
341,205,341,199,354,199,354,205,288
293,205,293,198,342,198,342,205,ĐT:0944703
37,201,37,195,109,197,109,203,ĐC:8664/239LDLÓ
155,192,155,182,168,182,168,192,-
259,192,259,182,272,182,272,192,-
177,189,178,167,250,168,250,190,NAIL
280,192,280,166,318,166,318,192,MI
83,188,84,164,147,166,146,191,SPA
183,163,183,116,327,116,327,163,Nguyễn
65,157,67,115,170,120,168,163,Trang