217,2322,217,2271,533,2271,533,2322,CUỚI
21,2338,21,2246,137,2246,137,2338,P
2,2164,2,1949,386,1949,386,2164,NG
3598,2027,3598,1945,3755,1945,3755,2027,270
928,1940,1029,1940,1029,2029,928,2029,Lê
741,2029,741,1938,912,1938,912,2029,272
1037,1938,1192,1935,1195,2026,1039,2030,Văn
1198,1929,1321,1929,1321,2045,1198,2045,Sỹ
4091,2027,4091,1938,4155,1938,4155,2027,S
3888,2027,3888,1926,4073,1926,4073,2027,VĂN
3776,2029,3776,1924,3867,1924,3867,2029,LÊ
1356,1929,1743,1919,1745,2003,1359,2013,P.1-Q.Tân
1755,2002,1755,1917,1963,1917,1963,2002,Bình
2347,1913,2836,1908,2837,1979,2348,1984,0336677288
7,1819,7,1725,91,1725,91,1819,N
1561,1746,1561,1616,1838,1616,1838,1746,ĐƯỢC
1085,1738,1089,1616,1286,1624,1281,1746,SẢN
1294,1621,1554,1614,1556,1729,1297,1736,PHẨM
1847,1730,1847,1602,2053,1602,2053,1730,BẢO
2058,1608,2337,1596,2342,1708,2063,1720,HÀNH
9,1601,448,1595,449,1652,9,1657,nh274@yahoo.com
4048,1793,4057,1563,4177,1568,4168,1798,S
246,1567,247,1498,485,1501,484,1571,BÌNH
6,1570,8,1493,213,1497,212,1573,TÂN
41,1485,46,1420,174,1431,168,1495,iệu
5,1388,10,1324,235,1343,230,1407,Phòng
3725,1235,4155,1210,4167,1423,3737,1447,PH
792,1053,1715,1026,1729,1517,806,1544,BẢO
1755,986,2687,979,2691,1505,1759,1512,BẢO
0,1200,8,947,529,963,521,1215,ÔNG
681,1019,688,875,903,884,896,1029,Dép
915,876,1174,871,1176,995,917,1000,Thời
1193,999,1193,862,1522,862,1522,999,Trang
1555,850,1847,835,1853,950,1561,966,Nam