468,411,515,410,516,421,469,422,Levis
458,374,505,374,505,387,458,387,FOREVE
506,375,521,373,523,388,507,390,21
455,315,515,313,516,361,456,362,GAP
91,315,124,315,124,327,91,327,NUK
80,283,80,271,139,271,139,284,Cater's
451,300,451,263,509,263,509,300,H&M
215,273,215,260,230,260,230,273,IDI
307,270,307,258,354,258,354,270,Heinam
247,272,247,255,282,255,282,272,Made
285,271,285,255,307,255,307,271,in
111,253,112,247,132,248,132,254,Kitty
91,253,91,246,111,248,110,254,Nello
446,235,508,234,509,250,447,251,ZARA
24,188,24,172,44,172,44,188,ĐC:
45,188,45,171,58,171,58,188,19
115,187,115,170,130,170,130,187,TT
78,187,78,167,109,167,109,187,NẴNG
59,187,59,169,76,169,76,187,ĐÀ
131,186,131,167,151,167,151,186,NÚI
152,167,175,166,176,186,152,187,ĐÈO
210,167,252,165,252,183,211,184,NGUYÊN
180,185,180,165,208,165,208,185,THUỶ
452,161,493,161,493,176,452,177,01684
429,178,429,161,448,161,448,178,ĐT
497,160,554,158,555,174,498,176,758.979
144,142,154,66,303,85,293,161,Thing
326,133,326,68,441,68,441,133,Chi
356,69,356,63,369,63,369,69,VII
258,62,354,62,354,70,258,71,/quangcaogiarehcm
232,71,232,62,255,62,255,71,https
310,57,310,51,332,51,332,58,com
232,50,313,50,313,58,232,58,https://thegioiad.
47,62,47,40,186,40,186,62,SHOP
233,45,233,32,369,33,369,46,0983.172.912