423,364,587,363,587,389,423,390,minhtri.net
112,303,112,292,150,292,150,303,0001261
528,288,555,283,562,321,535,326,8
414,326,416,278,526,284,523,332,CHẬU
240,312,241,276,332,278,331,315,THUỐC
167,313,169,275,230,277,229,315,NHÀ
337,320,338,273,405,274,404,321,MỸ
146,284,146,277,167,277,167,284,PHÁT
127,283,127,276,149,277,148,285,THỊNH
529,201,546,195,554,216,536,222,8
411,209,412,195,436,197,435,211,224
385,207,387,188,411,191,409,209,SỐ:
337,201,338,188,384,193,383,206,GCCHN
446,193,447,179,477,182,475,196,Niến
170,189,171,176,248,182,247,195,W8035900
408,189,409,175,444,178,443,191,Thanh
121,189,123,169,171,173,169,193,SỐ:41
358,183,359,170,404,176,403,189,Nguyễn
71,184,72,169,117,173,116,188,DPKD
333,181,334,166,355,167,354,182,DS
501,187,556,152,569,172,514,207,CHÂU
420,170,421,154,454,157,453,172,NHẬP
200,171,201,151,232,153,231,172,VẤN
172,168,174,152,198,154,196,170,TƯ
379,166,381,151,420,155,419,170,NGOẠI
152,167,153,148,172,150,170,168,SĨ
101,164,103,147,150,151,148,169,DƯỢC
348,162,350,145,374,148,372,165,NỘI
71,161,73,143,99,146,97,164,CÓ
302,156,303,140,348,144,346,160,THUỐC
267,156,268,139,301,142,300,158,LOẠI
0,161,1,137,38,139,37,164,NG
502,156,538,132,550,150,514,175,MỸ
236,153,236,135,266,135,265,153,CÁC
183,145,184,132,234,136,233,149,DOANH
144,142,145,128,181,132,180,145,KINH
487,134,509,122,521,145,500,156,NHÀ
75,137,76,122,143,127,142,142,CHUYÊN:
440,154,442,102,483,103,481,155,8
505,121,539,91,557,111,522,141,THUỐC
241,125,246,73,427,91,421,144,CHÂU
89,116,96,53,223,66,217,128,MỸ
288,69,291,46,423,64,420,87,THUỐC
156,53,159,28,251,39,248,63,NHÀ