432,670,455,670,455,685,432,685,VUNG
284,668,306,668,306,686,284,686,THỤC
454,686,454,667,477,667,477,686,MIỄN
395,686,395,668,413,668,413,686,ĐẶC
329,686,330,667,354,668,353,687,SẠCH
377,684,377,668,390,668,390,684,CƠ
413,685,413,666,432,666,432,685,SẢN
358,686,358,666,377,666,377,686,HỮU
307,684,307,665,330,665,330,684,PHẨM
138,601,138,591,148,591,148,601,vn
71,600,71,589,139,590,138,601,cleverfood.com.
47,601,47,587,71,587,71,601,Web:
349,600,350,583,387,585,386,602,Phạm
390,582,418,582,418,599,390,599,Hàm
304,599,304,582,322,582,322,599,1B
329,597,330,581,349,583,348,599,Vũ
288,598,288,582,305,582,305,598,Lô
252,580,281,580,281,598,252,598,Số3
127,586,127,573,182,574,181,587,0420238866
65,584,65,574,121,574,121,584,0965.990.886
49,586,49,572,64,572,64,586,ĐT:
521,557,521,545,576,546,576,558,PHONG
438,559,438,545,477,545,477,559,SẠCH
343,544,385,544,385,561,343,561,THỰC
255,557,255,544,292,544,292,557,BINH
482,558,482,542,518,542,518,558,TIÊN
296,542,340,542,340,556,296,556,ĐOÀN
389,539,433,539,433,557,389,557,PHẨM
185,536,204,536,204,545,185,545,your
205,544,205,535,219,535,219,544,life
163,545,163,533,185,535,184,546,Save
137,534,158,534,158,544,137,544,time
95,543,96,533,139,535,138,546,Saveyour
75,532,76,505,199,508,199,535,leverFood
668,500,716,496,720,559,673,563,T
482,532,482,480,584,480,584,532,SẠCH
244,529,245,477,348,480,347,532,THỰC
356,525,356,463,472,463,472,525,PHẨM
73,399,73,387,148,387,148,399,19005588
299,396,301,365,361,369,359,399,được
403,368,459,365,460,395,404,398,sạch
366,392,366,368,398,368,398,392,ăn
246,391,247,365,294,367,293,392,đều
288,333,354,330,355,351,289,354,người
17,350,17,331,122,331,122,350,TASETCO
361,357,361,328,410,328,410,357,Việt
415,350,415,328,473,328,473,350,Nam
234,351,235,326,281,327,281,353,mỗi
320,318,320,297,371,297,371,318,mục
376,313,376,292,423,292,423,313,tiêu
288,314,288,293,315,293,315,314,Vì
296,236,351,234,351,245,296,247,0966.
347,234,425,232,425,243,347,244,990.886
274,219,446,213,447,224,274,230,cleverfood.com.vn
308,26,396,23,396,52,308,54,leverd
393,22,449,20,450,44,394,46,ood