217,253,218,237,341,239,341,256,04.39369777
178,254,178,237,209,237,209,254,ĐT:
433,241,435,218,465,220,463,244,NỘI
411,216,431,213,434,236,414,239,HÀ
50,215,77,213,78,231,51,232,ĐC:
81,229,81,213,107,213,107,229,84A
112,228,112,211,137,211,137,228,HAI
369,232,372,208,410,213,407,236,KIẾM
313,229,313,208,368,210,367,231,Q.HOÀN
269,225,270,209,308,211,307,227,NAM
165,207,213,207,213,226,165,226,TRƯNG
140,228,140,205,160,205,160,228,BÀ
220,226,220,203,265,204,265,226,P.CỬA
128,181,128,127,257,127,257,181,VIỆT
277,173,281,128,390,136,386,181,ĐỨC
407,101,429,100,431,127,409,129,TẾ
347,119,349,93,405,99,402,124,QUỐC
285,116,286,91,343,95,342,120,DƯỢC
142,113,142,93,165,93,165,113,TY
76,94,136,90,137,112,78,116,CÔNG
266,113,266,92,280,92,280,113,Y
207,111,207,85,260,86,260,113,PHẦN
170,113,170,82,203,82,203,113,CỔ
384,77,385,63,408,65,407,79,NỘI
360,73,361,60,381,61,380,74,HÀ
329,69,330,55,358,57,357,71,PHỐ
279,63,280,53,326,56,325,67,THÀNH
255,65,255,52,276,52,276,65,TƯ
146,52,194,51,195,63,146,64,HOẠCH
99,66,99,51,118,51,118,66,SỞ
121,65,121,49,143,49,143,65,KẾ
222,63,223,48,253,49,252,63,ĐẦU
199,49,218,49,218,64,199,64,VÀ
493,50,493,42,506,42,506,50,cơm
423,41,492,41,492,50,423,50,www.quangcaonetsaigon
460,29,504,29,504,34,460,34,ADVERTISING
477,27,477,17,504,17,504,27,Gòn
423,28,423,16,449,16,449,28,Nét
451,28,451,15,474,15,474,28,Sài