219,242,220,229,237,230,237,242,U-3
255,214,255,207,271,207,271,214,ngày
272,212,272,206,301,207,301,213,30/9/2015
241,213,241,205,254,205,254,213,đến
227,213,227,204,241,204,241,213,01/9
201,211,201,204,226,206,226,213,Từngay
275,203,275,193,297,193,297,203,SINH
244,202,244,193,266,193,266,202,SINH
209,202,209,193,222,193,222,202,CHO
299,204,299,192,320,193,320,204,VIÊN
190,193,207,193,207,202,190,202,DANH
223,204,224,191,242,192,241,205,HỌC
303,176,322,176,322,190,303,190,PHÍ
274,190,274,175,301,175,301,190,MIỄN
245,189,245,174,271,175,271,190,MỀM
214,188,215,174,243,175,242,189,PHẦN
191,190,191,173,213,173,213,190,ĐẶT
170,187,171,173,190,174,189,188,CÀI
331,171,342,167,345,174,333,178,HD
300,173,301,158,325,160,324,175,ĐÀI)
283,173,284,159,299,160,299,173,ƯU
150,169,150,158,189,159,188,170,SCHOOL
264,157,282,157,282,173,264,173,GIÁ
240,172,241,156,262,157,261,173,MÃI
194,171,194,156,237,156,237,171,KHUYỂN
133,170,133,157,146,157,146,170,TO
101,168,101,157,131,158,131,169,BACK
378,140,378,129,486,130,486,140,w.linhocmientrung.com
367,129,379,129,379,140,367,140,W
360,140,360,129,371,129,371,140,W
262,136,262,129,267,129,267,136,-
270,137,271,126,351,128,351,139,ĐT:0383831979
246,138,248,124,262,125,261,139,An
218,139,218,123,245,124,245,140,Nghệ
189,136,190,122,214,123,214,137,Vinh
174,136,174,122,189,122,189,136,TP.
147,137,148,121,167,122,167,138,Tập
125,135,126,121,147,122,145,137,Huy
61,134,62,120,91,122,90,136,Trọng
108,134,109,119,124,120,124,135,Hà
99,120,108,120,108,133,99,133,P.
47,134,48,118,62,119,61,135,Tự
33,132,34,117,47,118,46,132,Lý
18,117,32,117,32,131,18,131,66
255,98,255,84,272,84,272,98,-
287,112,287,71,461,74,460,114,CAMERA
141,110,143,55,250,59,249,113,TÍNH
37,105,39,51,135,56,132,110,MÁY
411,57,412,39,471,40,471,58,TRUNG
314,59,314,35,354,35,354,59,HỌC
81,39,107,39,107,47,81,47,PANY
280,55,280,35,313,35,313,56,TIN
55,46,56,37,78,38,78,47,COM
356,56,357,33,407,34,406,58,MIỀN
167,52,168,30,193,31,192,53,TY
224,53,224,28,277,30,276,55,PHẦN
28,41,29,32,51,34,51,42,MT
110,48,111,27,163,29,162,50,CÔNG
195,53,195,25,224,26,224,54,CỔ
80,38,81,28,108,30,107,40,TRUNG
56,38,56,28,79,29,78,39,MIỆN