113,209,127,208,128,214,114,216,684C
145,208,196,207,196,213,145,214,VaeCoLangĐriờn,HỒNG
199,206,217,205,217,212,200,213,0104
220,205,251,204,251,211,220,211,62613712
254,205,271,204,271,210,255,211,MAN
272,209,272,203,286,203,286,209,coas
146,194,167,193,167,202,146,203,COBÁC
168,201,168,192,185,192,185,201,STYLE
184,200,184,192,196,192,196,200,BẢN
197,192,213,191,214,199,198,200,MINH
221,190,239,189,240,198,222,199,GPHD:
251,197,251,188,264,188,264,197,367
266,188,281,187,282,196,267,197,SYT
241,197,241,187,250,187,250,197,SỐ
158,186,197,183,197,189,159,192,SPISIMUC
196,184,213,182,213,188,197,189,12h00
215,182,232,181,232,186,215,188,Chầu
231,181,261,180,261,185,231,186,9214800-
261,185,261,179,277,179,277,185,17630
329,190,329,175,347,175,347,190,TO
143,177,154,176,155,183,143,184,GIÁ
155,176,172,175,172,183,156,183,TRỌN
172,174,185,174,186,181,173,182,GÓI
185,174,200,173,200,180,186,181,TỨ2
201,179,201,172,221,172,221,179,DÊN
221,171,241,170,241,178,222,179,TRIỆU
242,170,264,168,265,176,243,177,ĐỒNG
348,163,374,162,375,181,349,183,NHIỆT
159,166,178,164,179,170,159,171,KHÔNG
374,161,393,160,394,179,376,181,LIỆT
178,163,191,163,192,169,178,170,NĂM
394,160,413,158,415,177,395,178,CHÁ
190,162,217,160,218,167,191,170,VỆN-CO
217,160,230,160,231,166,217,167,BẢO
147,161,157,160,157,165,148,166,AN
230,159,247,158,248,164,231,166,HÀNH
156,160,172,158,172,163,157,165,TOÀN
174,157,194,156,194,162,174,163,KHÔNG
1,195,2,150,34,150,34,196,ẤT
193,156,210,154,211,160,193,162,DAU-
30,191,42,137,90,147,77,202,ÔTO
209,154,230,152,230,158,209,160,KHÔNG
231,153,247,151,248,157,231,158,CHẤT
248,151,263,149,264,156,248,157,MÂU.
131,147,156,144,157,157,132,159,PHẨU
157,145,186,143,187,155,158,157,THUẬT
187,142,204,140,205,152,188,154,TRĨ
363,140,407,138,407,148,363,150,CHUYÊN:
205,140,231,138,232,148,206,151,CÔNG
234,137,262,135,263,146,235,149,NGHỆ
265,136,288,134,289,145,266,147,CAO
5,130,46,126,47,141,7,145,BINH
46,125,94,118,96,133,48,140,AUTO
142,125,210,117,212,134,144,142,THẮNG
218,117,282,112,283,127,220,133,LONG
120,110,155,104,157,119,123,125,PHÒNG
364,101,404,97,407,129,367,133,XU
155,104,189,98,191,114,158,120,KHÁM
191,98,236,92,238,108,193,113,CHUYÊN
239,93,272,90,273,104,240,107,KHOA
276,88,318,84,320,102,278,105,NGOẠI
256,62,289,57,291,75,258,79,68
293,56,322,53,324,71,295,74,1C
250,11,306,1,308,13,252,23,THẮNG
313,1,347,0,348,9,313,11,LON