261,335,287,329,290,341,264,347,9496
237,340,240,328,259,333,257,345,097
215,323,223,313,239,327,231,337,Tel:
287,328,303,313,311,321,295,337,131
307,304,316,304,316,312,307,312,*
239,312,239,299,287,299,287,313,e-Links
265,298,266,275,300,276,299,299,VIỆT
226,295,227,275,262,276,262,296,LIÊN
307,271,319,271,320,296,309,297,com
205,294,211,263,222,265,216,297,www.
236,273,236,263,269,263,269,273,QUẢNG
271,273,271,263,290,263,290,273,CÁO
217,263,218,228,313,232,311,267,quangcaolienvie
1,171,1,161,22,161,22,171,om
140,156,266,156,266,162,140,163,codienianhthaihoa.com
90,163,90,155,134,156,134,164,Website:
279,156,394,156,394,161,279,162,cbanhmithalhoa.com
1,155,1,145,25,145,25,155,283
27,156,27,144,55,144,55,156,8687
111,153,111,143,138,143,138,153,(028)
396,150,396,144,420,144,420,150,com
143,143,168,143,168,151,143,151,6283
422,150,422,144,436,144,436,150,vn
311,144,392,144,392,150,311,150,nfo@thaihoame
276,143,306,143,306,151,276,151,Email:
170,150,170,143,195,143,195,150,8687
90,152,90,143,107,143,107,152,ĐT:
161,132,196,132,196,140,161,140,TRUNG
135,140,135,132,159,132,159,140,LINH
91,140,91,132,111,132,111,140,ĐC:
114,140,114,131,132,131,132,140,300
273,131,307,131,307,139,273,139,TRUNG
247,141,247,131,270,131,270,141,LINH
312,129,342,129,342,140,312,140,QUẬN
201,140,201,130,243,130,243,140,PHƯỜNG
410,140,410,130,434,130,434,140,HCM
393,129,406,128,407,139,394,140,TP
366,140,366,128,390,128,390,140,ĐỨC
343,128,364,128,364,139,344,139,THỦ
128,74,263,73,264,116,128,117,THÁI
281,116,281,72,403,73,402,117,HOÀ
10,51,68,51,68,70,10,70,LẠNH
365,51,406,50,406,65,365,66,LẠNH
252,64,252,50,293,50,293,64,TNHH
326,67,326,48,361,48,361,67,ĐIỆN
297,64,298,49,323,50,322,65,CƠ
179,64,179,49,227,49,227,64,CÔNG
231,64,231,49,249,49,249,64,TY
139,58,139,49,158,50,158,59,HOÀ
115,58,115,50,137,50,137,58,THÁI