59,232,59,220,89,220,89,232,YONEX
54,215,54,210,66,210,65,216,công
66,210,75,209,75,216,66,216,vịt
75,209,83,209,83,216,75,216,giá
83,215,83,209,91,209,91,215,TÚC
39,215,39,208,53,209,53,216,Nhận
50,209,50,203,62,203,62,209,đọng
62,203,76,203,76,208,63,209,vịt...
39,208,39,202,49,202,49,208,Bao
52,196,66,195,67,201,52,202,Quất
66,202,66,195,74,195,74,202,an
39,201,40,194,51,195,51,202,Cân
75,202,75,194,88,194,88,202,Gily
41,194,41,189,60,189,60,194,Chuyên:
61,195,61,189,71,189,71,195,Bản
82,195,82,189,92,189,92,195,VỰC
71,195,71,188,82,188,82,195,sile
280,190,280,181,293,181,293,190,CÁY
264,188,264,180,279,181,278,190,TRÀI
263,179,263,171,282,172,282,179,NƯỚC
283,180,283,171,293,171,293,180,ÉP
305,178,305,167,320,167,320,178,CA
273,131,291,131,291,139,273,139,SANG
261,140,261,130,272,130,272,140,ÂN
260,127,260,107,291,107,291,127,Cale
44,104,44,97,63,97,63,104,SPORT
69,90,94,89,94,96,70,97,QUẢNG
44,96,44,89,69,89,69,96,HOÀNG
258,92,258,86,271,86,271,92,CAFE
102,84,102,81,112,81,112,84,ANH
70,84,70,81,103,81,103,84,chuysenhing
51,84,51,80,70,80,70,84,Wobsike:
176,80,196,79,196,84,176,85,Facebook
102,75,113,75,113,81,102,81,Ngọi
160,75,176,75,176,80,160,80,Hoàng
142,75,151,75,151,80,142,80,UH
58,80,58,74,101,75,101,80,8618Ngớ15Đuờng
124,80,125,74,144,74,144,81,P.Hoàng
50,79,50,75,59,75,59,79,ĐUI
216,75,243,74,243,78,216,78,0934.000.215
175,79,175,74,194,74,194,79,MAI-HH
153,80,153,74,159,74,159,80,Q
113,80,113,74,123,74,123,80,Hội-
207,79,207,74,215,74,215,79,ĐT:
245,78,245,73,257,73,257,78,0962
256,73,266,73,266,78,256,78,011
265,73,274,73,274,78,265,78,300
290,76,290,71,305,71,305,76,buờng
196,63,196,48,261,48,261,63,SPORT
62,64,62,46,129,46,129,64,HOÀNG
136,66,136,45,189,45,189,66,QUÂN
96,36,96,32,129,32,129,36,UHNING
63,34,64,27,87,28,87,35,YONEX
198,34,198,26,228,26,228,34,VICTOR
152,26,180,26,180,32,152,32,FORZA
139,26,150,26,151,33,140,33,FZ
186,32,186,26,194,26,194,32,V