199,421,317,421,317,430,199,430,QUANGCAOTAYBẠC.VN
11,429,11,420,113,420,113,429,QUANGCAOTAYBAC
593,429,593,420,694,420,694,429,QUANGCAOTAYBAC
402,429,402,419,505,420,505,429,QUANGCAOTAYBAC
697,430,697,419,714,419,714,430,VN
507,429,507,420,522,420,522,429,VN
116,430,116,419,133,419,133,430,VN
614,374,629,373,632,403,617,405,R
152,238,197,237,198,248,152,249,46BTrán
199,249,199,237,222,237,222,249,Phú
278,236,463,228,464,240,278,247,www.facebook.com.viengy
521,225,584,225,584,236,521,236,09652200
503,234,505,224,515,226,513,237,-
586,236,586,223,603,223,603,236,48
324,144,516,137,517,165,325,172,STORE