123,590,124,572,177,573,176,591,trường
88,588,88,571,118,571,118,588,môi
5,589,5,571,42,571,42,589,thân
44,591,46,569,87,572,85,594,thiện
763,558,810,558,810,575,763,575,TW60
813,573,814,557,858,560,857,576,Cedar
734,577,734,557,758,557,758,577,SP
705,576,705,557,731,557,731,576,Mã
179,550,289,544,291,589,182,595,Xanh
96,570,98,547,135,549,133,572,Vật
134,570,137,543,179,548,176,575,Liệu
726,450,895,446,896,473,726,477,WEB.TASECOD
514,473,514,449,589,449,589,473,02363
595,475,595,448,684,448,684,475,393444
458,477,458,445,505,445,505,477,TEL
178,466,178,445,235,445,235,466,LASI
135,465,140,443,163,448,158,470,C
344,472,344,440,410,440,410,472,VĂNG
137,114,223,114,223,125,137,125,COMPOSITE
16,125,16,114,59,114,59,125,WOOD
68,124,68,113,130,114,130,125,PLASTIC
792,90,793,77,857,82,856,94,WARRANTY
11,88,11,63,63,63,63,88,TE
82,59,224,59,224,93,82,93,WOOD
809,63,837,63,837,74,809,74,YEARS
802,65,802,35,841,35,841,65,10