116,583,164,549,178,569,130,603,THAB
441,574,569,501,579,519,452,592,imbenhvien
576,498,607,482,617,501,586,517,vn
428,352,488,323,498,346,439,374,Timb
667,312,724,310,725,319,667,321,ĐT:39317
762,320,762,310,791,310,791,320,FAX:
727,310,755,310,755,321,727,321,.381
792,310,830,308,831,319,792,321,39312
450,308,474,308,474,323,450,323,Q.3
423,321,423,308,444,308,444,321,P.9
388,321,388,308,420,308,420,321,THẢO
283,320,283,308,308,308,308,320,155
251,319,251,308,281,308,281,319,153-
833,321,833,306,858,306,858,321,712
349,305,385,305,385,322,349,322,QUỐC
312,320,312,305,346,305,346,320,TRẦN
540,311,540,274,617,274,617,311,HỌNG
768,302,768,275,836,275,836,302,MINH
623,275,661,275,661,305,623,305,TP.
433,304,433,274,477,274,477,304,TAI
481,304,481,268,536,268,536,304,MŨI
362,307,362,267,428,267,428,307,VIỆN
278,305,278,267,356,267,356,305,BỆNH
716,304,716,268,762,268,762,304,CHÍ
670,305,670,266,711,266,711,305,HỒ
665,264,665,242,714,242,714,264,MINH
480,264,480,239,544,239,544,264,THÀNH
627,266,627,237,662,237,662,266,CHÍ
549,265,549,237,591,237,591,265,PHỐ
428,264,428,240,442,240,442,264,Y
593,266,593,235,624,235,624,266,HỒ
447,266,447,234,476,234,476,266,TẾ
394,263,396,233,428,235,426,265,SỞ
526,76,579,46,588,62,535,92,vien.
574,50,608,32,616,47,582,65,vn