123,680,123,661,214,661,214,680,ANDROID
543,625,631,624,632,656,544,657,XIEKÍNH
329,660,330,621,373,623,372,662,HK
447,660,447,619,491,619,491,660,SẢI
487,659,487,614,541,614,541,659,GÒN
1092,646,1093,616,1141,618,1139,649,LIE
930,658,930,611,993,611,993,658,MỌI
649,607,760,606,760,654,650,655,QUẢNG
843,650,843,608,925,608,925,650,TRÊN
769,652,769,605,837,605,837,652,CÁO
998,650,998,604,1084,604,1084,650,CHẤT
30,569,108,568,108,588,30,589,BAMBO
670,502,961,500,962,579,671,581,TQUẢNG
977,503,1052,500,1056,583,981,587,CÁ
141,432,141,412,232,412,232,432,PHAN
70,434,70,411,130,411,130,434,265
635,435,635,409,675,409,675,435,.15
828,405,944,405,945,432,828,433,NHUẬN
249,404,334,404,334,434,249,434,ĐÌNH
700,409,813,405,814,432,701,436,Q.PHÚ
351,433,351,403,465,404,465,434,PHÙNG
483,431,483,402,621,403,620,433,PHƯỜNG
907,402,907,334,1037,334,1037,402,THOẠI
244,400,245,323,367,325,366,402,NHẬN
1038,389,1038,329,1123,329,1123,389,CAO
796,326,899,323,902,398,798,402,ĐIỆN
467,388,467,324,573,324,573,388,CHỮA
128,399,134,320,241,327,236,406,BIỆT:
671,387,673,320,790,324,788,391,DÒNG
585,389,585,323,665,323,665,389,CÁC
36,400,40,318,135,323,131,405,ĐẶC
376,389,376,318,456,318,456,389,SỬA
1115,318,1193,305,1207,386,1129,399,CẤP
566,273,583,273,583,288,566,288,-
591,254,734,253,734,295,591,296,TRUNG
744,247,838,245,839,297,745,299,TÂM
948,244,1077,242,1078,296,949,298,HÀNH
404,298,405,240,498,242,496,300,BÁN
161,302,178,231,237,246,219,316,HỆ
845,239,935,237,936,297,846,300,BẢO
243,296,243,236,392,236,391,296,THỐNG
506,300,506,236,562,236,562,300,LẺ
794,184,993,182,993,211,794,213,ANDROID
621,215,621,179,775,179,775,215,PHONE
450,180,605,178,605,214,450,216,SMART
343,213,343,173,434,175,434,215,GIỚI
236,213,236,173,331,173,331,213,THẾ
231,62,396,59,398,140,233,142,HK
408,145,409,48,774,53,773,150,phone