163,748,165,738,176,741,174,750,NAM
149,748,149,739,163,739,163,748,ĐÔNG
131,746,131,738,148,738,148,746,HƯỚNG
199,741,201,731,215,733,214,743,CÔNG
188,741,188,731,199,731,199,741,ANH
177,735,182,729,188,735,183,741,ĐỘI
165,739,165,730,178,730,178,739,QUÂN
154,739,154,728,164,728,164,739,XNU
138,727,152,727,152,738,138,738,SOOC
124,736,124,727,138,727,138,736,LOME
172,728,174,701,218,704,216,731,NHÀ
126,724,128,697,172,701,169,728,BÁN
824,448,824,396,915,396,915,448,TAY
683,448,684,384,814,387,813,451,XÁCH
568,455,571,376,679,381,676,459,CHEATAU
393,305,393,294,455,295,455,306,4075407
365,292,392,292,392,306,365,306,090
309,304,309,291,361,292,361,306,Hotline:
210,304,211,290,252,292,251,307,Trọng
255,304,256,286,284,288,283,306,Tấn
188,303,190,286,207,289,205,305,Lê
169,302,169,288,187,288,187,302,44
1,304,2,285,87,287,87,305,9846668
632,269,632,250,720,250,720,269,women
549,270,549,250,600,250,600,270,men
730,249,857,248,857,267,730,268,selections
605,270,605,246,626,246,626,270,&
3,266,7,221,47,225,43,270,TẠI
47,261,47,215,105,215,105,261,NHÀ
347,198,351,112,654,123,650,210,bra
0,199,1,103,110,105,108,201,ẤU