42,389,42,369,80,369,80,389,TẠO
8,369,38,369,39,386,8,387,TAI
10,364,10,348,51,348,51,364,PHỤC
56,362,56,347,83,347,83,362,HOI
46,341,46,324,81,324,81,341,TÓC
11,342,11,323,43,323,43,342,NÓI
40,312,40,264,83,264,83,312,HAIR
547,221,576,218,577,232,549,235,NGINA
487,208,525,205,533,312,496,315,MOTHARY
41,266,42,201,88,201,87,266,SALON
559,211,559,197,591,197,591,211,greeng
485,205,485,191,532,191,532,205,avines
44,201,44,190,90,190,90,201,avines
118,144,118,129,160,130,159,145,Huan
19,146,19,128,74,128,74,146,Iguyen
80,143,82,128,113,131,112,146,Huu
63,96,116,93,117,121,64,123,70C
145,80,145,65,175,65,175,80,ON
447,133,449,46,562,48,560,135,Hà
200,123,202,45,433,49,431,126,Hương
40,64,40,37,171,38,171,65,Davines