488,282,489,272,532,274,531,284,WELCOME
307,268,336,266,337,273,307,275,manem
304,266,305,254,325,255,324,268,May
324,255,342,254,343,262,325,264,man
323,253,323,244,340,244,340,253,hầm
310,254,310,244,323,244,323,254,Sốc
100,222,100,209,114,209,114,222,ươm
74,223,74,208,100,208,100,223,CHETHAI
222,160,257,158,258,165,223,167,SiT0ỐChẹĐin-
255,158,286,154,287,163,256,166,-ĐốngĐ
382,148,408,146,409,152,383,154,Fresh
409,145,441,143,441,150,410,152,&pure
3,143,57,135,61,165,8,173,LONG
467,138,491,135,492,142,468,145,Holline:
399,137,416,136,416,144,400,144,AN
420,134,444,132,444,141,420,142,BES
490,135,537,130,537,138,491,142,0466832255
487,128,509,125,510,132,487,134,FEEL
510,132,510,123,522,123,522,132,.S
524,122,539,122,540,130,524,131,SO
486,119,507,116,508,123,487,126,keep
510,116,533,113,534,121,510,123,going
455,117,455,110,468,110,468,117,gói
470,116,470,108,488,108,488,116,the
488,107,521,103,521,110,488,113,sewer?
0,134,0,99,29,99,29,134,ÍNH
20,92,70,81,78,120,28,131,MẮT
475,81,543,72,546,90,478,99,INaL
513,66,533,64,533,70,513,72,009
232,60,474,30,483,109,241,139,Chachago
637,52,792,21,803,77,648,108,food
118,20,143,17,145,31,120,34,CHE
147,14,178,9,180,23,150,29,THA
179,8,217,0,220,15,182,22,yom