423,309,423,303,488,303,488,309,QUANGCAOKIENTRE
490,302,507,302,507,309,490,309,COM
400,309,400,302,421,302,421,309,www
151,256,151,248,158,248,158,256,-
204,258,204,243,273,243,273,258,3638708
440,257,440,243,504,243,504,257,3638706
76,242,148,240,149,259,77,261,3638707
401,260,401,240,435,241,435,261,072.
356,259,357,240,397,242,396,261,FAX:
37,261,38,239,74,241,73,263,072.
161,261,162,238,200,239,199,262,072.
2,260,3,239,35,240,34,262,ĐT:
424,226,424,208,477,208,477,226,T.LONG
216,229,217,205,262,205,261,230,NHỰT
4,226,4,205,65,207,64,227,ĐC:D15
481,226,481,206,505,206,505,226,AN
178,205,214,205,214,226,178,226,KCN
157,229,157,206,174,206,174,229,3,
327,228,327,205,347,205,347,228,H.
265,226,266,202,322,204,322,228,CHÁNH
70,227,70,203,125,203,125,227,ĐƯỜNG
385,229,385,202,420,202,420,229,LỨC
349,228,349,199,382,199,382,228,BẾN
130,227,131,199,156,200,156,228,SỐ
291,180,292,118,450,120,449,182,VINH
67,179,70,102,264,109,261,186,ĐỒNG
237,90,237,61,324,62,324,91,TNHH
332,93,332,60,385,60,385,93,TM
390,94,390,59,436,59,436,94,DV
180,91,182,55,230,58,228,94,TY
81,89,81,52,171,52,171,89,CÔNG