778,756,794,756,794,773,778,773,15
754,772,754,755,777,755,777,772,đến
741,772,741,755,755,755,755,772,13
725,755,739,754,741,772,727,773,Tù
722,671,800,668,803,736,724,739,10
289,680,301,680,301,691,289,691,13
279,692,279,680,289,680,289,692,Từ
313,680,325,678,327,689,316,691,15
299,691,299,679,314,679,314,691,đến
323,690,323,677,352,677,352,690,thang
316,670,316,635,346,635,346,670,%
280,672,280,633,318,633,318,672,10
726,621,797,619,798,646,727,648,GIẢM
319,627,319,612,342,612,342,627,GIÁ
284,627,284,611,317,611,317,627,GIẢM
288,602,288,586,304,586,304,602,m
710,589,761,574,767,594,715,609,KHAI
303,586,342,575,346,586,307,598,SRƯƠNG
281,570,305,566,307,584,284,588,NG
764,571,796,563,802,587,770,595,TR
305,567,334,560,338,572,308,580,HÙNG
708,555,763,539,769,559,713,576,TƯNG
278,553,281,529,337,535,334,559,Bống
766,534,797,525,804,552,773,561,BI
729,507,786,503,787,513,730,517,BOUTIQUI
714,508,714,469,796,469,796,508,Bón
179,246,179,218,222,218,222,246,Ngọc
128,242,128,219,177,221,176,243,Lương
46,220,80,220,80,241,46,241,ĐC:
224,218,276,217,277,244,225,246,Quyến
84,242,84,216,122,216,122,242,138
530,237,530,215,583,215,583,237,TEL
596,216,741,212,742,230,597,235,0963889120
273,168,494,164,495,187,274,192,BOUTIQUE
194,168,198,10,597,20,593,178,Bống