89,671,89,646,108,646,108,671,GÒN
74,673,74,646,87,646,87,673,ÀI
63,632,91,632,91,645,63,646,QUỐC
93,644,93,630,105,630,105,644,TẾ
409,635,409,621,424,621,424,635,ỐC
62,620,82,618,83,630,63,631,ẢNH
84,618,106,617,106,629,85,630,NGỮ
179,619,179,609,243,610,243,619,AUSTRALIASaNGon
399,611,411,609,413,620,401,623,NH
118,620,118,608,137,608,137,620,AS
413,608,434,607,435,619,414,620,NGỮ
295,617,295,607,315,607,315,617,SaiGon
272,606,297,606,297,618,272,618,UC
59,607,76,606,77,616,60,617,KHAI
79,606,111,605,111,614,79,615,TRƯƠNG
391,599,404,596,406,607,394,610,VÁI
406,597,436,595,436,604,407,606,TRƯƠNG
59,585,81,584,82,597,60,598,AS
82,584,113,583,113,588,82,590,MATEAUMSANGON
406,577,433,575,433,579,407,581,ASTEAUACHUON
114,555,114,547,126,547,126,555,CÁC
101,547,113,547,113,555,101,555,KG
83,547,101,547,101,556,83,556,Tổng
127,554,127,546,140,546,140,554,lộp:
170,553,170,545,185,545,185,553,NHI
144,545,169,544,169,553,144,554,THIÊU
192,552,192,544,213,544,213,552,GIAO
239,542,265,542,265,551,239,551,TOEIC
214,552,214,542,234,542,234,552,TIẾP
279,542,307,542,307,549,279,549,PhanHingLone
308,549,308,541,327,541,327,549,HipCum
361,546,361,539,367,539,367,546,TP
328,541,359,539,359,546,328,548,tichStồChio
366,546,366,538,383,538,383,546,Machira
394,539,419,538,419,544,394,545,00113821104
85,543,85,537,94,537,94,543,PIẬN
111,537,128,536,128,542,111,542,DÁN
95,543,95,536,109,536,109,543,IAN
131,536,149,535,149,541,131,542,CAM
150,542,150,535,168,535,168,542,KET
170,535,188,535,188,541,170,541,DAU
189,540,189,535,207,535,207,540,RAT
208,540,208,533,241,533,241,540,TOEIC
246,533,298,531,298,538,246,540,STARTER
302,531,343,529,343,536,303,538,MOVER
349,529,410,527,410,533,349,535,CAMBRIDGE
264,529,265,522,280,523,280,530,Tặng
149,531,149,521,170,521,170,531,DANH
133,532,133,521,147,521,147,532,GHI
304,522,319,522,319,528,304,528,HỌC
280,522,304,521,305,528,281,529,100085
172,531,172,521,188,521,188,531,ĐẦU
190,531,190,520,210,520,210,531,TIÊN
327,520,371,518,371,526,327,528,HOSVKHACIO
157,518,157,509,177,509,177,518,SINH
143,519,143,509,154,509,154,519,30
179,508,201,508,201,518,179,518,VIÊN
216,500,342,495,343,512,216,517,2.200.000
167,506,167,499,178,499,178,506,đắc
148,507,148,499,158,499,158,507,Vu
178,506,178,498,190,498,190,506,bift
158,506,158,499,166,499,166,506,ƠI
356,509,356,494,380,494,380,509,khoả
385,511,385,493,409,493,409,511,tháng
378,507,378,495,385,495,385,507,4
347,509,347,494,358,494,358,509,đ
162,496,162,490,193,490,193,496,MUNG
196,490,224,490,224,495,196,495,KHAI
228,489,272,488,272,494,228,495,TRƯƠNG
291,489,312,488,312,492,291,493,ANH
295,407,295,400,365,400,365,407,ucsaigon.com.vn
111,408,111,398,206,400,206,410,info@ucsaigon.com.vn
254,408,254,397,291,397,291,408,Website:
462,401,462,390,490,390,490,401,Dịch
360,384,415,384,415,394,360,394,05113626628
276,394,276,384,298,384,298,394,05113
138,384,160,384,160,396,138,396,LƯU
298,383,335,383,335,394,298,394,626626
252,396,252,383,274,383,274,396,TEL:
337,395,337,383,360,383,360,395,FAX:
166,396,166,383,181,383,181,396,TP.
111,394,112,381,138,383,138,396,ĐĂNG
196,380,225,380,225,396,196,396,NĂNG
182,396,182,381,196,381,196,396,ĐÀ
178,359,178,347,190,347,190,359,-
203,333,300,332,300,362,203,363,TOEFL
334,363,334,332,417,332,417,363,IELTS
73,363,73,332,166,332,166,363,TOEIC
250,321,250,300,286,300,286,321,ANH
78,300,114,300,114,322,78,322,ANH
207,321,207,300,236,300,236,321,NHI
155,322,155,295,203,295,203,322,THIẾU
117,322,117,296,151,296,151,322,VĂN
372,322,372,295,414,295,414,322,QUÁT
289,321,289,296,322,296,322,321,VĂN
324,322,324,293,370,293,370,322,TỔNG
258,288,260,258,313,260,312,290,QUỐC
215,289,215,259,254,259,254,289,CẤP
159,289,159,258,211,258,211,289,BẰNG
315,259,344,259,344,291,315,291,TẾ
335,258,336,230,398,232,398,260,NGHIỆP
131,260,131,232,166,232,166,260,TẠO
171,254,171,232,209,233,209,255,ANH
258,255,259,230,330,231,330,256,CHUYÊN
214,255,214,230,253,230,253,255,NGỮ
88,256,89,227,128,229,127,258,ĐÀO
175,224,175,206,202,206,202,224,CHI
205,223,205,205,256,206,256,224,NHÁNH
258,205,281,205,281,225,258,225,ĐÀ
282,224,283,203,326,204,325,225,NẴNG
246,201,246,156,328,156,328,201,GÒN
165,201,165,155,238,155,238,201,SÀI
170,152,172,71,325,75,323,155,ÚC
125,49,181,46,181,63,126,65,ANH
253,46,323,46,323,67,253,67,QUỐC
331,69,331,45,368,45,368,69,TẾ
189,66,189,46,243,46,243,66,NGỮ
220,40,221,16,288,18,287,41,AS