968,273,999,273,999,287,968,287,ĐT:0
723,283,723,268,742,268,742,283,NộI
709,281,709,268,723,268,723,281,Hà
674,280,674,268,704,269,704,281,TừLiên
656,280,656,267,673,267,673,280,Bắc
579,276,579,269,605,269,605,276,HICSND
623,278,623,267,644,267,644,278,Nhuế
612,278,612,267,623,267,623,278,Cổ
560,261,561,246,587,248,586,262,2477
611,237,671,236,671,258,612,259,CHO
784,261,785,232,839,233,838,262,XE
682,259,682,231,774,231,774,259,THUÊ
566,237,584,237,584,245,566,245,SÁY
549,246,549,237,566,237,566,246,GIÁT
852,260,852,228,948,228,948,260,MÁY
618,213,620,200,639,202,638,215,-
721,210,721,197,740,197,740,210,-
547,184,616,182,617,232,548,234,GIẶT
643,224,643,171,714,171,714,224,SẤY
748,167,832,165,833,218,749,221,SỬA
844,162,980,153,984,213,848,223,QUẦN
546,184,546,163,589,163,589,184,Mạnh
593,179,593,159,627,159,627,179,Mai