7,320,127,318,128,336,7,338,photobucke
119,301,139,301,139,316,119,316,on
5,301,60,299,61,314,5,316,proudly
66,301,114,300,114,312,67,312,nosted
171,194,171,182,191,182,191,194,ĐC:
190,192,191,181,199,182,198,193,5
199,181,230,180,230,190,200,192,Đường
233,189,233,179,242,179,242,189,L.
245,188,245,179,273,179,273,188,Trung
276,186,276,177,298,177,298,186,Tâm
301,175,328,173,328,183,301,185,Hành
334,174,365,172,365,181,334,183,Chính
383,180,383,171,399,171,399,180,An
369,171,382,171,382,181,369,181,Di
416,169,433,169,434,178,416,179,ĐT
439,168,487,165,488,175,440,178,093797
492,165,526,163,526,174,492,176,2468
216,162,248,162,249,176,217,176,Đào
252,160,283,159,284,174,253,176,Tạo
288,159,332,155,333,170,289,173,Nghể
339,156,403,153,403,165,339,168,Chuyên
411,150,473,148,474,163,412,165,Nghiệp
267,110,418,103,420,148,269,155,Nad
195,103,273,90,277,114,199,127,Quỳnh's
433,91,458,90,459,107,434,108,QN