716,396,774,391,778,434,720,439,E
620,387,623,375,685,390,682,402,rollibtrtanis
617,353,620,325,681,333,678,360,INGATHEANTARY
568,320,569,262,601,263,599,320,50
614,247,657,241,660,263,617,270,TRE
803,225,804,206,874,208,873,227,VICHY
618,217,660,207,662,216,620,226,Teaotro
616,208,654,195,657,205,619,218,Raber
613,187,641,173,646,184,618,198,NGUY
636,174,655,165,661,178,643,187,Gất
1239,172,1240,155,1284,159,1282,175,SkinC
651,166,677,153,684,167,658,180,More!
609,164,637,152,643,166,615,177,LOSS
304,132,305,122,411,128,410,138,MARINA:SQUARE
156,131,156,118,207,121,206,134,Edition
105,130,106,116,152,119,152,132,Dining
76,130,76,116,104,116,104,130,The
53,129,53,115,74,115,74,129,at
7,125,7,114,52,117,52,127,more.
213,119,214,105,254,107,254,121,Nuvo
148,114,149,103,208,106,207,117,Appetite
76,110,77,99,145,103,144,114,Carnivore
39,112,39,96,71,96,71,112,Bar
0,109,0,95,38,97,37,111,medy
322,99,322,88,388,92,387,103,EDITION
139,73,165,73,165,95,139,95,at
53,87,54,71,134,75,133,91,flavours
0,87,1,70,47,71,46,88,erse
310,82,311,61,398,67,397,87,DINING
122,68,124,42,221,49,219,75,tastes
550,75,587,38,601,53,564,90,DON'T
0,61,2,36,45,40,43,64,ng
53,65,54,29,114,31,113,67,the