136,425,136,406,212,406,212,425,Hotline
287,425,287,404,378,404,378,425,861018
229,425,229,404,280,404,280,426,0968
525,427,525,404,551,404,551,427,30
491,427,491,403,518,403,518,427,50
457,426,458,402,486,404,484,428,40
398,427,398,402,452,402,452,427,0975
542,391,544,380,557,382,555,394,BEO
525,389,527,376,544,379,543,391,DIỂM
653,361,655,353,679,358,678,366,KHÁNHTOÀ
635,358,636,349,657,353,655,362,NGUYỄN
614,354,617,343,635,348,632,359,NGÔSỉ
597,350,599,340,614,343,613,353,9BM
559,335,560,326,574,329,573,337,TOÀN
511,333,512,325,522,328,521,335,17H
542,330,544,323,559,327,557,333,KHÁNH
498,329,501,322,510,325,508,332,BH-
483,326,485,318,500,321,498,329,GIAN:
521,325,523,317,542,321,540,329,NGUYỄN
513,324,514,316,521,317,520,325,57
467,323,469,314,484,317,482,326,THỜI
499,320,502,311,512,314,510,323,B17
489,318,492,308,502,310,499,320,LÔ
478,315,480,306,492,308,490,318,CH:
467,313,469,305,480,307,479,316,ĐỊA
497,294,500,283,533,292,529,304,NHUNG
296,282,298,273,312,276,310,286,019
452,284,456,270,498,280,495,295,PHƯƠNG
274,277,276,269,295,273,293,282,6763
431,280,436,264,455,270,451,286,THỊ
258,273,260,264,276,268,274,277,094
233,267,235,257,258,263,255,272,SĐT:
412,272,416,253,436,258,431,277,ĐỖ
389,266,392,252,414,257,410,271,CKI
369,259,372,246,389,250,386,264,BS
233,253,235,245,261,250,259,259,GPHĐ
673,256,673,242,680,242,680,256,TI
661,253,661,236,671,236,671,253,VÀ
326,246,330,234,370,245,367,258,PTCM:
636,242,642,226,663,234,657,250,sóc
452,253,463,219,548,247,538,281,LONG
605,230,612,214,642,225,636,241,CHĂM
550,224,554,197,578,200,575,227,MỸ
481,210,486,197,512,206,507,219,Cinic
498,199,509,172,558,191,548,218,THẨM
416,185,421,173,483,199,478,211,Dermatology
307,205,321,162,457,207,442,250,THẮNG
385,176,391,161,420,173,414,187,Long
449,179,460,150,501,165,491,194,LIỄU
417,168,425,144,458,154,450,178,DA
346,158,352,144,390,160,383,175,Thang
348,136,357,111,425,138,415,163,KHÁM
241,92,251,65,351,104,341,131,PHÒNG
81,68,81,60,179,61,179,69,Advertising&Printing
658,59,662,50,681,61,676,69,CHĂM
81,23,178,23,178,58,81,58,TLP