421,746,588,746,588,804,421,804,0973
611,806,611,744,740,744,740,806,962
759,808,759,742,881,742,881,808,901
774,720,774,701,818,701,818,720,5361
700,720,700,699,779,699,779,720,0243211
458,716,458,697,508,697,508,716,com
657,721,659,694,695,696,693,723,Tel:
279,714,280,692,453,694,453,717,cozybaycruise
152,710,152,686,268,691,267,714,Website:
791,665,821,665,821,688,791,688,Noi
762,689,762,664,787,664,787,689,Ha
716,687,717,661,758,663,757,689,Dist
669,686,669,661,712,661,712,686,Bien
612,686,614,659,666,661,665,689,Long
572,684,572,657,608,657,608,684,Str,
525,681,525,657,568,657,568,681,vien
473,678,475,651,520,655,518,681,Phu
405,674,406,651,465,654,464,677,Lane
328,674,328,648,364,648,364,674,02.
370,673,372,647,400,649,398,675,71
276,670,278,643,321,647,319,674,No.
153,665,154,642,267,646,266,669,Adrress:
711,585,713,559,800,566,798,591,CRUISE
651,584,653,553,705,556,703,587,BAY
465,575,465,554,486,554,486,575,-
572,575,574,548,646,553,644,581,COZY
490,572,491,539,548,541,547,574,LTD
411,565,414,532,461,536,458,569,CO
274,550,276,523,403,533,401,560,TRAVEL
185,547,188,513,264,520,261,554,DHT
711,514,719,454,802,464,795,524,DHT
598,521,603,439,713,446,708,527,LỊCH
522,503,522,430,592,430,592,503,DU
439,508,441,420,513,421,511,509,VỤ
285,486,292,398,434,410,427,497,DỊCH
187,373,269,367,277,467,195,473,VÀ
729,431,737,364,826,375,818,442,MẠI
548,388,556,334,731,360,723,414,THƯƠNG
400,367,408,310,545,329,537,387,TNHH
320,357,329,294,398,303,389,366,TY
713,315,717,291,758,298,753,323,NỘI
680,308,683,284,714,288,711,311,HÀ
629,297,633,272,679,280,675,305,PHỐ
141,328,152,254,319,280,308,354,CÔNG
552,279,556,259,626,273,622,293,THÀNH
513,274,517,253,551,259,547,280,TƯ'
459,262,464,238,515,248,510,272,ĐẦU
411,252,418,227,458,237,451,263,VÀ
675,246,679,226,731,236,727,256,com
309,234,314,211,409,230,404,253,HOẠCH
266,225,271,197,307,203,301,232,KẾ
217,216,222,186,264,193,259,223,SỞ
449,194,452,177,686,229,682,247,Wellaeaphianmanty
382,173,386,156,433,168,429,185,com
148,125,151,106,380,152,377,171,quangcastrưondanh