446,267,446,259,458,259,458,267,P
459,258,488,256,489,265,460,267,ABIC
427,255,427,249,436,249,436,255,CÔNG
436,249,453,248,453,254,436,255,THƯỜNG
454,254,454,249,462,249,462,254,DÊN
472,248,482,248,482,253,472,253,LÀNG
461,253,461,248,470,248,470,253,NGÀN
482,248,492,247,492,253,482,253,HÔNG
492,247,506,247,506,253,492,253,NGHIỆP
42,221,42,218,74,219,74,222,ANNIRSHOVED
34,221,34,217,41,217,41,221,10
41,216,41,211,70,213,70,217,SAMITHPTO
34,203,34,198,71,200,71,206,2019
0,202,1,195,29,197,28,204,ANK
1,192,2,176,77,181,76,197,PHIẾU
422,175,422,168,439,168,439,175,Daklak
403,174,403,167,419,167,419,174,Thuật
394,174,394,166,402,166,402,174,Ma
379,166,393,166,393,173,379,173,Buin
371,172,371,165,379,165,379,172,TP.
354,172,354,164,368,165,368,173,Tông
336,171,336,163,353,164,352,171,Thành
320,171,320,163,335,163,335,171,03LỄ
309,170,309,162,320,162,320,170,Chi
299,170,299,162,309,162,309,170,Địa
227,166,227,156,269,158,268,167,DAKLAK
190,165,190,153,220,154,219,166,TÔNG
150,162,151,151,188,153,187,164,THÁNH
135,164,135,150,149,150,149,164,LÊ
93,160,94,149,132,151,132,162,NHÁNH
71,160,72,149,91,150,91,160,CHI
165,129,166,109,400,121,399,141,AGRIBANK
407,99,407,88,431,90,430,100,NAM
382,99,383,85,404,86,403,100,VIỆT
351,95,352,84,379,85,378,97,THÔN
317,93,318,82,347,83,347,95,NÔNG
284,92,285,79,314,80,313,93,TRIỂN
253,90,254,78,280,80,280,91,PHÁT
236,90,236,76,250,76,250,90,VÀ
193,86,194,74,232,77,231,90,NGHIỆP
157,83,158,72,189,73,188,85,NÔNG
119,81,120,69,153,71,152,83,HÀNG
82,79,83,67,115,69,115,80,NGÂN