325,719,325,700,357,700,357,719,ĐẠO
279,716,279,701,321,701,321,716,HƯNG
361,699,384,699,384,718,361,718,TP.
469,714,469,699,496,699,496,714,TEL
390,714,390,699,431,699,431,714,ĐỒNG
723,715,723,697,789,699,789,717,Kính
506,700,575,699,575,710,506,711,0984.116.607
435,697,463,697,463,716,435,716,HỚI
186,716,186,697,217,697,217,716,47A
877,718,877,695,1012,695,1012,718,QuyKhách
799,695,868,694,869,718,799,719,Chào
231,717,231,696,273,696,273,717,TRẦN
1187,730,1187,689,1240,689,1240,730,An
562,672,562,663,588,663,588,672,ĐẠO
612,671,612,661,632,661,632,671,DĐ
662,660,707,660,707,669,662,669,116.607
634,661,664,659,665,669,635,671,0984
1040,668,1040,650,1077,650,1077,668,yêu
924,668,924,648,977,648,977,668,ngọt
896,667,896,649,919,649,919,667,vị
777,662,777,648,842,648,842,662,nhần
848,662,848,648,891,648,891,662,đới
985,665,985,645,1034,645,1034,665,tình
822,629,849,629,849,647,822,647,vị
854,645,856,624,918,629,917,650,đờng
766,645,766,624,819,624,819,645,chia
718,646,718,620,761,620,761,646,Sẻ
745,617,746,600,794,604,793,621,hăng
689,616,689,602,740,602,740,616,chính
630,614,631,601,683,604,682,617,Hồng
515,596,515,577,622,577,622,596,OCOI
909,498,909,460,1052,460,1052,498,LƯNG
738,486,738,465,764,465,764,486,-
534,483,534,465,553,465,553,483,-
784,499,784,453,890,453,890,499,DÂY
643,494,643,454,718,455,717,495,DA
565,445,633,445,633,495,565,495,VÍ
393,490,395,440,508,445,506,494,DÉP
237,486,239,439,375,443,373,490,GIÀY
1181,489,1181,437,1246,437,1246,489,Sho
863,339,1044,336,1046,439,864,442,LY
228,396,233,310,810,344,805,430,TRUNG
707,302,709,266,815,271,813,308,CAO
827,309,829,263,931,266,929,313,CẤP
616,302,618,259,690,263,688,305,DA
499,294,501,248,603,253,601,299,DÉP
345,284,348,237,479,245,476,292,GIÀY