49,510,49,500,123,501,123,511,0904.579.079
50,489,125,489,125,496,50,496,QUANGCAOMINHLONG
126,497,126,488,137,488,137,497,VN
31,488,49,488,49,495,31,495,www
68,257,80,257,80,263,68,263,191
0,225,8,222,9,227,1,229,CHU
9,223,19,220,20,225,10,227,BAO
328,162,328,157,349,157,349,163,com.vn
271,162,271,157,327,158,327,162,mangmayphúcháthanh
246,162,246,157,269,157,269,162,Website
209,161,209,153,220,153,220,161,HP
188,151,209,151,209,161,188,161,CHĂN
154,160,154,152,177,152,177,161,NGHĨA
136,151,153,151,153,161,136,161,NIỆM
178,161,178,151,187,151,187,161,LỄ
117,161,117,150,134,150,134,161,HÒA
94,160,94,150,116,151,116,160,CÔNG
64,150,92,150,92,159,64,159,NGUYỄN
49,160,49,150,62,150,62,160,191
20,159,20,150,34,150,34,159,ĐC
297,156,297,150,321,150,321,156,HOTLINE
337,156,337,150,349,150,349,156,092
323,156,323,150,337,150,337,156,0972.
273,155,273,150,284,150,284,155,516.
349,156,349,150,359,150,359,156,768
283,156,283,150,294,150,294,156,751
255,155,255,150,273,150,273,155,01253
245,156,245,150,255,150,255,156,Đ1:
35,159,35,148,48,148,48,159,số
63,137,64,132,75,134,75,139,Cc..
77,138,77,131,87,131,87,138,Ltd
30,137,31,131,63,132,62,137,ELEVATOR
59,131,59,125,77,126,77,131,HANH
38,124,56,124,56,131,38,131,PHUC
228,112,350,111,350,137,228,137,THÀNH
107,136,107,110,212,111,211,138,PHÚC
241,108,241,91,295,91,295,108,THANG
192,108,192,89,236,89,236,109,TNHH
299,88,337,88,337,109,299,109,MÁY
166,88,189,88,189,108,166,108,TY
114,106,114,85,161,85,161,106,CÔNG