633,522,660,520,663,544,636,547,VĂN
621,494,637,492,638,501,621,503,GIA
639,491,664,490,665,501,640,502,TÂM
618,463,645,461,645,473,619,475,Double
396,428,396,420,497,420,497,428,QUANGCAOTAYBAC
280,430,280,420,305,420,305,430,111
221,429,221,420,278,420,278,429,0968858
13,421,113,420,113,428,13,429,QUANGCAOTAYBAC
678,418,703,418,703,431,678,431,111
620,430,620,418,678,418,678,430,0968858
499,419,515,419,515,430,499,430,VN
117,430,117,419,133,419,133,430,VN
655,375,655,349,676,349,676,375,CHE
699,377,699,347,731,347,731,377,CƯỜNG
677,376,677,345,700,345,700,376,TÂN
685,344,686,334,708,335,708,345,ĐẠI
710,334,725,334,725,345,710,345,LÝ
551,307,552,294,634,298,634,311,ĐT:0912516678
188,278,189,258,247,261,246,281,TƯỞNG
148,275,149,258,182,259,182,277,HUY
70,270,71,248,145,252,144,274,NGUYỄN
32,265,33,248,66,250,65,267,130
0,262,0,244,30,247,28,265,DC:
344,256,352,193,521,214,513,278,THỊNH
187,238,194,160,339,173,332,251,PHÚ
13,133,15,119,109,132,107,146,TAILOR
412,93,412,71,469,71,469,93,BAI
327,66,398,65,398,91,327,92,TÂY