139,555,155,553,156,561,140,562,DAY
596,518,597,509,622,512,621,521,DUNGO
561,514,562,503,596,507,595,518,DTBOKISS
432,370,433,357,481,361,480,374,:0703.949.616
422,357,438,357,438,369,422,369,ĐT:C
376,368,377,351,401,353,400,370,LHVL
349,370,349,350,374,350,374,370,HẠNH
261,368,261,348,281,348,281,368,1/13
299,367,299,347,326,347,326,367,HƯNG
331,366,331,347,349,347,349,366,TÂN
280,366,280,346,299,346,299,366,TÂN
243,366,243,346,261,346,261,366,ĐC:
383,252,466,246,474,346,391,352,TRẰNG
238,244,304,239,312,336,246,341,NỮA
304,234,380,225,393,338,316,347,VẴNG
241,200,316,195,319,233,244,239,Café
377,201,381,163,435,169,430,207,TẤN
305,187,311,153,379,165,372,199,VĨNH
265,174,268,149,303,153,300,178,PHÊ
240,173,240,145,265,145,265,173,CÀ