337,232,337,227,351,227,351,232,CAN
323,232,323,226,336,226,336,232,LAN
309,232,309,226,323,226,322,232,RAO
258,232,258,225,273,225,273,232,THÉP
290,225,308,225,308,231,290,231,CỔNG
274,225,288,225,288,231,274,231,CỬA
240,231,240,225,258,225,258,232,NHÀ
309,224,309,217,324,217,324,224,TRÌNH
289,224,289,217,307,217,307,224,CÔNG
325,224,325,216,339,216,339,224,THÉP
245,222,245,217,258,217,258,222,NHÀ
274,223,275,216,288,217,287,224,CÁC
258,216,274,216,274,223,258,223,THẦU
118,223,118,216,141,216,141,223,XƯỜNG
106,222,106,216,120,216,120,222,NHÀ
70,221,70,215,102,217,102,223,VĂNPHÒNG
273,215,273,209,306,209,306,215,NHOMKINH
240,214,240,209,258,209,258,214,NHÀ
110,215,110,209,121,209,121,215,THỰ
258,214,258,208,273,208,273,214,THẦU
94,215,94,208,109,208,109,215,-BIỆT
82,213,82,207,94,207,94,213,PHỐ
69,213,69,207,84,207,84,213,NHÀ
312,208,312,200,330,200,330,208,DỰNG
274,206,274,200,301,200,301,206,CƠKH-
298,199,311,199,311,207,298,207,XÃY
99,206,99,199,117,199,117,206,DỰNG
243,198,274,198,274,207,243,207,SÀNPHẨM
86,205,87,198,99,199,99,206,XÃY
71,205,71,198,86,198,86,206,THẦU
272,193,272,188,318,188,318,193,longvinh.com
205,193,205,188,221,188,221,194,com
136,188,173,188,173,194,136,194,Longvinhco.
234,193,234,188,252,188,252,193,Web:
171,188,205,188,205,194,171,194,Uldligmail
254,193,254,187,272,187,272,193,Www.
114,193,114,186,135,187,135,194,Email
350,185,350,179,367,180,367,186,3860
321,185,321,180,350,180,350,185,028.5409
222,180,238,180,238,185,222,185,Hcm
177,186,177,179,191,180,191,186,Phú
299,184,299,179,320,180,320,185,-Fax
268,185,268,179,284,179,284,185,5409
211,186,211,179,222,179,222,186,Tp.
284,185,284,179,301,179,301,185,3011
255,185,255,179,268,179,268,185,028
192,179,208,178,208,186,192,187,Q.9
161,186,161,178,177,179,176,187,Hiệp
139,186,139,179,153,179,153,186,Việt
124,179,138,179,138,186,124,186,Văn
243,186,243,178,255,178,255,186,ĐT:
114,186,114,178,123,178,123,186,Lê
153,186,153,178,161,178,161,186,P.
69,193,70,173,106,175,105,195,74
51,152,51,148,101,148,100,152,CONSTRUCTINAMECHANG
139,156,139,124,248,124,248,156,LONG
264,158,264,115,363,115,363,158,VĨNH
183,110,183,99,206,99,206,110,TNHH
276,111,276,98,306,98,306,111,DỰNG
311,98,349,98,349,109,311,109,THƯƠNG
168,111,168,98,181,98,181,111,TY
136,98,166,98,166,110,136,110,CÔNG
352,111,352,97,373,97,373,111,MẠI
252,110,252,97,273,97,273,110,XÂY
208,111,208,95,233,95,233,111,THIẾT
234,110,235,94,250,95,249,111,KẾ