27,446,27,436,53,436,53,446,STARTE
794,440,794,434,819,434,819,440,Combridge
40,427,52,427,52,435,40,435,ch'
25,435,26,427,41,428,41,436,ching
16,435,16,427,25,427,25,435,uby
32,426,32,418,45,418,45,426,lầng
43,427,43,417,54,417,54,427,vẫn
22,426,22,417,33,417,33,426,tần
36,409,55,409,55,418,36,418,SăngAn
27,410,35,410,35,416,27,416,in
15,417,15,409,26,409,26,417,PHỐT
25,408,25,401,43,401,43,408,WITH
14,407,14,400,25,400,25,407,fạo
14,398,14,391,34,391,34,398,NGHE
40,399,40,391,55,391,55,399,NÓI
28,389,28,379,43,379,43,389,trền
12,388,12,380,27,380,27,388,Phốt
44,379,53,379,53,388,44,388,04
33,379,33,372,47,372,47,379,THEO
48,371,60,371,60,379,48,379,CHỦ
781,371,781,363,790,363,790,371,ĐUY
791,371,791,362,802,362,802,371,tản
36,361,55,361,55,368,36,368,NGHIỆM
21,368,21,361,34,361,34,368,KINH
55,368,55,360,64,360,64,368,GIẢ
12,368,12,360,21,360,21,368,CÓ
788,353,802,353,802,363,788,363,BẢN
738,354,753,352,755,363,739,364,100%
773,363,773,352,788,352,788,363,VIÊN
755,362,755,352,772,353,772,363,GIÁO
34,356,34,347,54,347,54,356,GIÁO
10,356,10,346,32,346,32,356,100%
54,356,54,346,66,346,66,356,VI
781,351,781,333,807,333,807,351,NIÊN
744,332,779,331,779,351,745,352,THIẾU
32,343,32,326,66,326,66,343,THIỂU
735,329,735,320,764,320,764,329,CHƯƠNG
786,319,802,317,802,329,787,330,ANH
765,317,786,317,786,330,765,330,TRÌNH
802,330,802,317,818,317,818,330,VÂN
50,325,50,313,68,313,68,325,TRONH
27,314,50,313,50,323,28,324,CHƯƠNG
406,267,406,256,418,256,418,267,*
647,269,647,254,743,254,743,269,0901.632.236
584,270,584,252,637,252,637,270,Hotline
470,252,568,252,568,269,470,269,02543815818
227,275,227,250,259,250,259,275,Học
362,270,362,250,392,250,392,270,Tàu
320,273,320,249,359,249,359,273,Vũng
191,270,191,250,224,250,224,270,Thái
131,272,131,249,186,249,186,272,Nguyễn
434,270,434,249,465,249,465,270,Tel:
263,247,312,247,312,272,263,272,F7.TP
81,271,81,239,125,239,125,271,155
171,188,171,111,419,112,419,189,STAR
472,107,659,106,659,190,472,191,EDU
203,52,295,51,295,91,204,92,ANH
310,92,310,43,406,43,406,92,NGỮ
422,95,422,39,547,41,546,96,QUỐC
559,94,559,39,627,39,627,94,TẾ