3017,2025,3017,1940,3653,1942,3652,2027,0949173255
2283,2025,2283,1933,2905,1933,2905,2025,08.39913288
2073,1920,2256,1920,2256,2029,2073,2029,ĐT:
1397,2021,1400,1915,1652,1923,1649,2029,Q.TB
1186,2027,1186,1915,1362,1915,1362,2027,P.1
768,2027,768,1910,955,1910,955,2027,Văn
415,2018,419,1905,611,1911,607,2025,303
976,2039,982,1897,1125,1903,1119,2045,Sỹ
619,2029,619,1897,759,1897,759,2029,Lê
493,1720,495,1027,3656,1036,3654,1728,Lauender
1414,847,1424,644,2028,673,2018,876,Weddeng
2099,817,2104,654,2660,674,2654,836,Planner