632,506,685,506,685,525,632,525,VUẨU
12,525,14,494,47,496,45,527,MĂT
620,461,676,457,678,493,623,497,NHẬP
355,454,393,452,396,500,358,503,VIỆT
14,487,20,441,55,445,50,491,KÍNH
608,428,676,422,679,447,611,454,XINGFA
344,438,344,399,397,399,397,438,NHÔM
22,433,26,392,61,395,57,436,VÁCH
605,390,661,383,665,412,609,420,NHÔM
679,346,679,331,700,331,700,346,NGUYỄN
187,332,188,321,266,325,265,336,0932.240.880
454,336,455,315,645,328,643,349,SHOWROOM
101,328,101,316,188,320,187,332,0313.261.139/
70,330,70,313,95,313,95,330,TEL
220,312,221,294,256,296,256,314,KHIÊM
188,310,190,288,219,291,217,313,BỈNH
138,309,138,287,187,288,186,309,NGUYỄN
110,305,112,288,136,290,135,307,163
86,305,86,287,111,287,111,305,ĐC:
540,291,540,285,616,291,616,298,MAQEINGUANGĐONGCHINA
0,275,13,275,13,293,0,293,2
537,283,538,275,616,282,615,290,aluminiumproties
535,269,537,252,612,260,610,277,XINGFA
397,285,398,228,463,229,462,286,PHỐI
312,271,317,220,401,229,395,280,PHÂN
203,271,207,214,268,219,264,275,ĐẠI
270,270,271,215,310,215,309,270,LÝ
100,250,106,184,205,193,198,259,TỔNG
675,214,675,192,699,192,699,214,CÔN
388,199,399,121,594,148,583,227,VIỆT
502,120,506,103,554,113,551,130,CƯỜNG
456,110,459,93,501,102,498,119,KÍNH
398,99,402,79,446,88,442,108,PHÁP
138,142,153,59,386,104,370,187,CỬA
362,93,367,70,399,78,394,101,IỆT
323,82,329,59,367,69,361,92,RẤN
260,68,263,52,324,64,321,80,XINGF
185,49,189,30,257,47,252,65,NHÔM
129,38,135,11,184,23,178,49,CỬA