268,313,269,295,297,296,296,314,VÀO
271,279,297,279,297,297,271,297,ĐÁY
355,249,355,237,385,238,385,250,XUAT
326,249,326,236,352,236,352,249,SAN
288,249,288,236,306,236,306,249,CƠ
307,249,307,235,324,235,324,249,SỞ
27,201,30,188,44,191,41,204,O
436,174,436,165,507,166,507,175,0974.888.799
410,176,410,163,429,163,429,176,ĐT:
294,173,294,162,324,163,324,173,VINH
271,173,271,161,292,161,292,173,TP-
104,171,104,160,131,160,131,171,CS2
240,173,240,159,259,159,259,173,cừ
83,170,83,160,103,160,103,170,ĐC:
210,172,210,158,236,159,235,173,VĂN
136,159,204,158,205,172,136,173,09NGUYỄN
589,123,600,123,600,135,589,135,N
417,134,417,119,453,120,452,135,NEM
338,134,339,119,372,120,372,135,NEM
233,133,234,118,268,120,267,135,NEM
183,133,184,118,221,119,220,134,CHUA
144,134,144,118,177,119,177,134,NEM
457,135,457,117,505,117,505,135,THINH
376,135,377,116,408,117,407,137,COI
273,134,273,113,328,114,327,135,NƯỚNG
138,101,138,54,231,54,231,101,NEM
329,97,329,51,511,51,511,98,PHƯƠNG
247,100,249,38,313,40,311,102,TỨ