527,504,631,502,631,514,528,516,0903.66.55.94
369,519,369,501,408,501,408,519,Nhận
485,520,486,500,520,501,519,521,hiệu
443,520,444,500,483,501,482,521,bảng
412,517,412,500,440,500,440,517,làm
182,512,182,497,245,498,245,513,Mr.Phú
20,511,21,497,163,498,163,513,09.3858.7974
250,514,250,495,260,495,260,514,)
168,514,168,494,182,494,182,514,(
240,485,240,478,256,478,256,485,NIM
165,487,165,476,216,476,216,487,CENTRI
582,466,620,463,620,475,583,478,NHA
625,477,625,455,639,455,639,477,H
94,389,148,389,148,403,94,403,KhánhHội
66,404,66,389,90,389,90,404,224
217,389,259,387,260,400,217,402,Tp.HCM
185,401,185,388,206,388,206,401,Q.4
161,401,161,388,182,389,181,402,P.6,
302,387,332,387,332,399,302,399,0866
334,387,358,387,358,399,334,399,731
278,398,278,387,300,388,299,399,ĐT:
361,398,361,386,381,386,381,398,155
442,386,548,383,548,395,443,397,www.mshoatoeic.com
217,328,343,325,344,375,218,378,Truyền
125,381,125,327,199,327,199,381,Giả
21,351,21,334,48,334,48,351,4191
448,372,450,325,553,329,551,376,Hưng
61,375,61,327,118,327,118,375,Sứ
0,352,0,333,19,333,19,352,943
355,325,436,324,436,370,355,371,Cảm
36,270,38,246,46,247,45,271,1
7,272,7,237,33,237,33,272,SỐ
399,222,514,221,514,284,400,286,TOEIC
312,222,393,221,394,288,313,289,Hoa
245,288,245,223,307,223,307,288,Ms
87,177,87,81,204,81,204,177,NGOẠI
295,167,295,75,372,75,372,167,HOA
375,66,526,64,527,165,376,167,NGUYỄN
208,168,208,67,293,67,293,168,NGỮ
160,76,160,64,194,65,194,77,TOEIC
132,74,133,64,159,65,158,74,HOA
113,74,113,63,130,63,130,74,Ms
172,63,172,57,184,57,184,63,TẠO
161,63,161,57,172,57,172,63,DÀO
140,63,140,56,152,57,152,64,DỤC
125,63,125,57,139,57,139,63,GIÁO
152,56,159,56,159,64,152,64,VÀ
116,63,116,56,125,56,125,63,SỞ
166,55,166,49,185,49,185,55,TRHCH
153,55,153,49,165,49,165,55,DÂN
137,49,152,49,152,55,137,55,NHÂN
125,55,125,49,136,49,136,55,DAN
115,55,115,48,124,48,124,55,ỦY