409,310,438,310,438,319,410,320,Vineco
57,287,70,283,72,293,60,296,Vĩn
70,284,83,282,84,289,71,291,Eco
453,245,453,237,479,238,479,246,sống/chđ
464,229,466,210,484,211,482,230,T
456,207,456,192,488,193,487,208,Chào
412,186,412,164,507,167,507,189,VinMart
538,140,554,132,557,139,541,147,Yanh
534,106,534,99,545,100,545,107,Tâu
516,106,517,98,533,99,533,107,Vũng
501,105,501,97,512,98,512,106,Rịa
492,104,492,97,501,97,501,104,Bà
475,104,476,96,491,96,491,105,Tỉnh
462,103,462,96,475,97,475,104,Tâu,
444,103,444,95,462,96,461,104,Võng
429,103,429,94,444,94,444,103,Phố
408,101,408,93,429,94,429,102,Thành
391,101,392,93,409,94,408,102,Tam,
370,101,370,93,391,93,391,101,Tháng
343,100,343,92,370,93,369,101,Phương
325,99,326,90,341,91,340,100,Sốu
314,99,314,90,327,90,327,99,Thi
303,98,303,91,315,91,315,98,Võ
188,71,189,26,402,30,401,76,VinMart