640,929,640,916,668,916,668,929,PHÚ
909,809,909,794,935,794,935,809,22H
879,808,879,791,900,791,900,808,8H
844,806,844,788,875,788,875,806,CỬA
817,805,817,787,841,787,841,805,MỞ
789,787,816,787,816,805,789,805,GIỜ
665,801,665,785,691,785,691,801,22H
636,801,636,785,657,785,657,801,8H
602,801,602,782,633,782,633,801,CỬA:
574,799,574,781,600,781,600,799,MỞ
550,798,550,782,573,782,573,798,GIỜ
1227,768,1284,764,1286,786,1229,791,www.vinpro.de
491,703,491,689,526,689,526,703,ĐỒI
274,670,279,649,308,656,303,677,Tay
232,663,235,643,274,649,271,669,Xách
193,657,196,637,230,643,227,663,Tính
151,655,156,632,191,639,186,662,Máy
3,646,4,624,111,632,109,654,vinpro.net
694,384,694,357,836,358,835,385,P.12,Q.8
566,386,566,356,683,356,683,386,VƯƠNG
173,354,226,354,226,387,173,387,ĐỊA
301,352,362,352,362,385,301,385,442
463,388,464,348,558,350,558,390,THIỆN
371,385,371,345,456,345,456,385,TÙNG
233,383,233,345,292,345,292,383,CHỈ
819,345,819,310,892,310,892,345,công
1068,310,1140,310,1140,342,1068,342,minh
977,345,978,309,1062,311,1061,347,thông
895,348,895,307,972,307,972,348,nghệ
757,346,758,306,817,308,816,348,giới
697,338,697,305,755,305,755,338,Thế
0,346,5,249,63,254,56,351,P
1358,219,1602,219,1602,369,1358,369,TRẢ
518,292,529,107,1149,143,1139,328,VinPro
1477,198,1488,93,1611,106,1600,211,BA
643,89,643,58,755,58,755,89,THÀNH
764,89,764,57,838,57,838,89,VIÊN
1022,58,1186,57,1186,84,1022,85,VINGROUP
844,56,907,54,908,92,845,94,TẬP
913,55,1009,52,1010,86,914,90,ĐOÀN