0,283,11,281,12,292,0,294,HÚ
12,266,28,266,29,293,13,293,9
282,179,285,165,320,172,318,186,TP.HCM
395,174,397,162,429,169,426,181,EXPRESS
254,177,256,160,277,163,275,179,Q.5
225,172,229,153,250,157,247,175,F.4
162,158,166,140,220,151,216,169,VƯƠNG
92,146,95,125,162,138,158,159,DƯƠNG
53,142,57,117,91,122,87,148,AN
3,132,7,107,51,114,47,138,498
355,142,367,101,436,121,423,163,CHA
200,88,220,36,364,91,343,144,GONG
464,23,478,22,479,40,466,41,N
148,6,182,5,186,101,152,103,RAWAN
461,0,479,0,481,15,463,17,AN