85,257,137,257,137,262,85,262,&LODOMIÊNPHÒ
144,257,189,257,189,262,144,262,ConceptVint.vn
86,170,101,170,101,179,86,179,ang
101,178,101,169,117,170,117,179,Shop
142,126,142,122,176,123,176,127,01233335000
130,127,130,122,141,122,141,127,TEL
57,126,57,120,70,120,70,126,TRAL
19,126,19,118,30,118,30,126,385
6,118,19,118,20,126,6,126,ĐC:
123,110,123,87,167,87,167,110,XÁCH
95,110,95,85,121,85,121,110,TÚI
60,108,62,84,93,86,91,110,DÉP
21,107,22,83,59,85,58,109,GIÀY
97,72,97,32,170,32,170,72,Sang
16,68,18,31,95,35,93,72,Sang
58,33,58,28,86,30,86,35,TROURANG
38,33,38,28,61,28,61,34,GIÁNGEN