863,745,919,710,929,726,873,760,en.vn
445,481,471,479,472,490,446,492,pepsi
504,458,532,458,532,469,504,469,pe
439,464,487,457,488,466,440,472,pepsi
278,357,339,353,340,362,279,366,HOTLINE:
342,351,417,347,417,358,343,362,0917.124
278,352,278,333,297,333,297,352,GIỜ
298,331,316,331,316,350,298,350,MỞ
315,331,341,329,343,348,316,350,CỬA
341,330,367,328,368,346,343,348,05H
114,357,170,323,181,342,126,376,Timb
376,329,412,327,413,342,377,343,22H30
414,326,440,324,441,339,416,341,SAU
444,324,485,321,486,334,445,338,22H30
488,316,537,312,539,331,490,335,KHÔNG
541,308,574,306,575,331,542,332,GIẢI
577,308,629,304,630,327,579,331,QUYẾT
632,306,659,304,660,324,633,325,XE
283,306,338,301,340,327,286,332,BỆNH
661,304,688,303,689,323,662,324,RA
341,298,395,294,397,322,344,326,VIỆN
399,293,468,285,471,309,402,317,NHÂN
796,323,869,281,882,303,808,345,enhvie
181,319,255,278,265,296,191,337,nhvier
473,281,533,277,536,305,476,310,DÂN
540,278,592,274,594,300,542,304,GIA
601,273,685,264,688,295,604,303,ĐỊNH
869,283,921,257,931,276,879,302,n.vn
326,263,409,253,413,285,330,296,BÃI
416,254,512,237,518,270,422,286,GIỮ
523,241,609,231,612,261,527,271,XE
828,81,855,68,864,84,836,98,tV