32,449,33,433,92,434,92,450,IGỈN
38,412,97,411,97,431,39,432,NƠI
73,408,73,396,99,396,99,408,TEA
36,405,38,390,73,393,71,408,DING
541,394,543,383,587,390,586,400,WINTER
544,378,544,367,580,370,579,380,WARM
580,244,587,240,590,246,583,249,-
586,238,599,237,600,245,587,246,Phòng
275,243,275,233,337,233,337,243,0316.29.28.28
574,238,585,232,588,238,576,244,25hm
585,232,599,228,601,235,588,239,Hung
327,230,327,223,338,223,338,230,NƠI
316,231,316,223,327,223,327,231,TẬN
300,223,315,223,315,230,300,230,HÀNG
286,223,300,223,300,230,286,230,GIAO
587,215,599,212,601,223,589,226,TE
567,212,594,201,599,215,573,225,DING
96,142,96,129,117,129,117,142,Đạo
68,140,68,129,94,129,94,140,Rưng
42,140,42,128,66,128,66,140,Trần
26,140,26,128,40,128,40,140,28
484,139,484,127,512,127,512,139,0316
463,140,463,127,483,127,483,140,ĐT
510,127,545,126,545,139,510,139,2928
544,138,544,126,562,126,562,138,28
211,111,251,110,251,120,211,121,SINGAPORE
183,120,183,109,207,111,206,121,JAPAN
156,120,156,110,179,110,179,120,CHINA
122,121,122,109,153,109,153,121,TAIWAN
338,120,338,109,367,109,367,120,BRUNEI
297,110,335,109,335,119,297,120,INDONESIA
255,110,292,109,292,119,255,120,MALAYSIA
373,120,373,108,407,108,407,120,VIETNAM
166,67,418,65,419,97,167,99,INGTEA
82,104,83,36,151,37,150,105,ID
440,105,445,29,580,38,575,114,HA
125,26,125,11,174,12,174,27,LOAN
49,10,83,10,83,28,49,28,SỮA
8,9,44,8,45,27,9,29,TRÀ
87,27,87,7,121,7,121,27,ĐÀI