55,221,55,218,62,218,62,221,0&M
50,218,54,218,55,221,50,222,-
49,210,62,208,62,214,49,216,Thêu
71,215,71,209,84,209,84,215,miái
61,209,73,209,73,214,61,214,NHÔN
195,187,213,186,214,200,196,201,Tom
55,183,71,183,71,188,55,188,sảng
58,181,58,175,77,176,77,181,BACTEM
194,162,212,162,212,178,194,178,BÁC
231,119,232,113,285,116,284,122,TangagEachooksondvne
196,116,196,112,221,113,221,118,0973111194
168,114,168,110,194,112,194,116,0919412816
133,113,134,107,166,108,166,114,(04146528368
115,111,115,106,132,107,132,112,Hofine
217,109,218,102,227,103,227,110,NG
210,109,210,102,218,102,218,109,Hà
200,108,200,101,210,101,210,108,Đà,
38,106,38,101,100,105,100,110,Websine.wwwbaitaw.com
184,107,184,99,200,100,200,108,Đỗng
169,106,170,98,183,99,183,107,Sơn
158,105,158,97,170,98,170,106,Tây
135,102,136,95,158,97,157,104,S6298
124,101,125,94,138,96,138,103,ĐC:
206,96,207,83,227,85,226,98,sach
182,94,183,81,207,83,206,96,phẩm
161,92,162,79,182,81,181,94,thực
127,88,128,76,160,79,159,91,Chuyên
123,69,127,40,226,51,223,80,BÁCTOM