411,274,478,272,478,286,411,287,DESIGN
356,272,412,269,413,289,357,292,THÀNH
304,288,305,269,352,271,351,289,THAO
146,269,146,263,158,263,158,269,MAỐC
117,269,117,263,143,263,143,269,6129888868
411,269,411,262,428,262,428,269,TTNT
392,262,408,262,408,269,392,269,SINH
381,269,381,261,390,261,390,269,VE
373,268,375,260,383,262,381,270,BỊ
354,261,373,260,373,268,354,268,THIẾT
68,264,69,250,101,252,100,265,NHÂN
409,259,409,252,426,252,426,259,KIÊNG
369,259,369,252,381,252,381,259,MEN
393,260,393,251,408,251,408,260,ĐỒNG
352,251,369,251,369,259,352,259,GẠCH
291,267,291,247,347,247,347,267,THINH
383,259,383,250,392,250,392,259,ĐÁ
189,267,189,245,234,245,234,267,NAM
157,261,158,245,186,245,185,262,GẠCH
236,268,236,243,263,243,263,268,PH
128,259,129,242,157,243,156,260,HÀNG
105,260,105,241,128,241,128,260,CỬA
396,249,396,242,417,244,416,251,Deach
382,249,382,242,396,242,396,249,Kinh
359,249,359,242,381,242,381,249,Chuyên
193,232,193,222,213,222,213,232,DE
132,230,132,220,186,221,186,231,THANH
81,232,81,218,126,218,126,232,THAO
375,210,375,202,420,202,420,210,0903.327.839
346,209,346,201,373,201,373,210,HCM.ĐT
322,212,322,198,344,198,344,212,BE,TP.
305,210,305,198,321,198,321,210,NHÀ
279,211,280,197,305,197,304,212,HUYỆN
255,210,255,198,279,198,279,210,LƯƠNG
191,207,192,197,226,198,225,208,Đ/C.1038A
238,196,253,196,253,208,238,208,VĂN
227,196,237,195,238,208,227,209,LÊ
2,201,2,194,42,194,42,201,7.817.369
151,181,151,176,169,176,168,182,Phome
123,181,123,176,143,176,143,182,vượng
144,182,144,176,151,176,151,182,AN
106,180,106,174,122,174,122,181,Thinh
368,186,368,171,390,171,390,186,CAO
338,187,338,170,366,170,366,187,SINH
394,187,394,169,416,169,416,187,CẤP
192,185,192,167,223,168,223,186,GẠCH
304,169,317,168,318,189,305,189,BỊ
319,168,334,166,336,189,321,190,VỆ
270,185,270,166,303,166,303,185,THIẾT
243,165,266,165,266,185,243,185,LÁT
225,184,226,163,242,164,241,184,ỐP
93,169,94,154,171,157,170,171,PRIME
327,150,328,117,396,118,396,151,THỊNH
203,143,204,113,258,115,258,144,NAM
262,144,263,110,323,112,322,145,PHÁT
297,94,297,81,328,81,328,94,TRANG
348,99,348,80,366,80,366,99,NỘI
367,96,367,79,393,79,393,96,THẤT
330,96,330,80,348,80,348,96,TRÍ
260,93,261,79,286,80,285,94,VLXD
288,93,288,80,296,80,296,93,&
231,92,231,77,259,77,258,93,HÀNG
209,91,210,74,229,75,228,92,CỬA