397,367,397,357,488,357,488,367,19/06/2012
544,368,544,356,567,356,567,368,PM
516,367,516,356,539,356,539,367,:38
495,367,495,356,512,356,512,367,01
97,314,125,312,125,323,97,325,THÍC
87,326,87,314,95,314,95,326,1
71,325,71,313,87,313,87,325,SỐ
201,323,201,311,230,311,230,323,TDM,
144,323,144,311,168,311,168,323,ẢNG
171,323,171,310,197,310,197,323,ĐỨC
234,321,234,308,263,308,263,321,BÌNH
267,308,309,307,309,319,267,319,DƯƠNG
329,319,329,306,354,306,354,319,ĐT:
358,307,404,305,405,315,358,318,0650.3
464,306,474,305,474,312,465,313,-
407,304,460,304,460,314,407,315,834578
478,303,546,300,547,310,479,314,3834579
215,281,227,281,227,289,215,289,-
142,277,200,275,201,294,143,296,GHE
239,268,297,266,298,291,240,293,NÓI
413,292,413,263,467,263,467,292,XẠ
308,266,400,262,401,286,309,290,PHẢN
177,254,216,251,217,263,178,266,PHÁT
221,251,251,251,251,263,221,264,HUY
284,249,306,247,307,260,285,262,ĐA
255,247,281,247,281,262,256,263,TỐI
311,246,344,243,345,258,312,261,KHẢ
350,243,396,242,396,255,351,256,NĂNG
141,217,203,212,205,227,142,233,LET'S
591,219,591,211,599,211,599,219,Đ
211,211,288,206,288,221,212,226,SPEAK
299,207,448,195,450,208,300,221,NATURALLY
110,165,182,158,185,193,113,200,ANH
188,148,278,138,283,183,193,193,NGỮ
285,135,356,130,359,185,288,190,TỰ
584,133,599,132,600,149,585,150,C
367,128,515,116,518,161,370,174,NHIÊN
282,117,307,113,308,121,283,125,ENGLISH
116,110,137,107,138,116,117,119,CÔNG
139,116,139,106,149,106,149,116,TY
262,109,267,104,283,118,278,123,NATURAL
151,106,170,103,172,110,152,113,TNHH
172,102,203,97,204,105,174,110,NGUYỄN
306,114,323,95,329,100,312,119,SCHOOL
125,96,148,94,149,104,126,106,SỞGD
204,95,220,93,222,103,206,106,TRÍ
154,102,154,92,165,92,165,102,ĐT
166,90,184,87,186,97,167,100,BÌNH
186,88,212,84,214,92,187,95,DƯƠNG
306,70,315,64,331,87,323,93,KHIỆH
416,52,450,48,453,68,418,72,CƠ
454,44,491,40,494,64,457,68,SỞ
495,43,509,42,511,61,496,62,1