1,474,26,464,30,474,5,484,CHỮA
571,475,572,464,623,465,623,476,VIETNET
561,378,582,362,587,369,566,385,FASHION
411,328,411,319,423,319,423,328,-
264,341,265,310,323,312,322,343,ngày
127,343,127,311,175,311,175,343,giá
173,337,173,310,232,310,232,337,10%
326,341,326,307,406,307,406,341,27/11
233,336,236,308,267,311,265,338,từ
55,340,57,304,132,309,129,345,giảm
427,340,428,303,494,306,492,343,3/12
354,293,355,268,449,272,448,296,trương
195,295,197,264,271,271,268,302,bừng
276,266,347,265,347,294,277,295,khai
92,297,94,261,189,267,187,303,Tưng
313,229,316,157,511,164,508,235,Hạnh
146,231,151,151,307,161,302,241,Mỹ
332,150,333,107,411,109,409,152,Dép
232,148,233,106,323,108,322,150,Giày
115,139,117,108,220,116,218,146,Shop