191,852,240,852,240,862,191,862,.82.52.52
166,851,193,851,193,862,166,862,0964
120,861,121,850,162,852,162,863,Hotlone
1131,842,1167,842,1167,863,1131,863,SALE
1096,864,1096,841,1130,841,1130,864,SALE
79,833,182,832,182,841,79,842,WWW.KHOIMOC.COM
1174,810,1198,809,1200,839,1176,840,S
135,802,201,802,201,818,135,818,QUẢNG
207,819,207,799,245,799,245,819,CÁO
301,822,301,795,346,795,346,822,MỘC
251,818,251,797,296,797,296,818,KHỞI
625,739,685,734,687,753,627,759,GUMA
418,675,626,668,628,728,420,736,SALE
1145,508,1189,507,1190,524,1146,525,ADD:
191,494,191,470,258,470,258,494,ADD
271,495,271,468,329,468,329,495,249
830,489,830,461,891,461,891,489,TEL:
905,487,905,461,981,461,981,487,0868
991,460,1045,458,1046,487,992,488,193
336,497,336,455,410,455,410,497,PHỐ
1052,485,1052,457,1109,457,1109,485,028
412,496,412,452,485,452,485,496,HUẾ
262,406,263,265,1029,272,1027,413,GUMAC