362,151,362,144,370,144,370,151,-
372,156,373,137,411,139,410,158,2019
320,154,321,134,359,135,358,156,2018
244,155,245,129,281,130,280,157,HỌC
283,153,284,129,317,130,316,154,MỚI
202,150,204,125,243,127,241,152,NĂM
146,146,147,122,198,125,197,149,MỪNG
89,144,90,119,141,122,139,147,CHÀO
461,117,462,112,498,114,498,119,02203550577
414,114,415,108,456,111,455,117,02203550333
403,113,403,107,413,108,413,114,ĐT:
171,99,171,91,192,92,191,101,CẢNH
153,98,154,89,170,90,169,100,ĐỨC
122,96,122,87,153,89,152,97,NGUYỄN
456,104,457,84,496,85,495,105,SÁU
116,95,116,87,122,87,122,95,2
103,94,104,85,117,86,116,96,số
88,93,89,86,102,86,102,94,ĐC
420,104,422,81,455,84,453,107,THỊ
391,100,391,75,418,75,418,100,VÕ
323,95,324,74,355,75,354,97,CƠ
357,98,357,70,388,70,388,98,SỞ
275,96,277,69,320,72,319,99,HỌC
196,84,198,65,271,72,269,91,TRUNG
384,71,384,61,423,64,422,74,DƯƠNG
361,70,361,56,383,57,382,71,HẢI
93,75,95,53,188,61,187,83,TRƯỜNG
335,68,336,55,361,57,360,70,PHỐ
45,65,47,53,66,55,65,67,IS
295,64,296,52,335,55,333,68,THÀNH
267,63,267,50,294,52,293,65,DÂN
229,59,230,47,265,50,264,62,NHÂN
200,57,201,46,228,48,227,59,BAN
64,49,69,46,74,55,69,58,S
28,53,36,45,39,49,32,56,Coca
178,55,180,40,198,43,196,57,ỦY