246,513,246,487,290,487,290,513,23NGO
456,487,481,487,481,517,456,517,NOI
389,517,390,485,424,486,423,518,KIẾM
294,513,296,484,339,486,338,515,QUYỀN
431,485,454,485,454,518,431,518,HÀ
345,516,346,482,388,483,387,517,HOÀN
375,465,376,411,574,416,572,470,THƯƠNG
234,469,234,401,363,402,363,470,CÔNG
153,484,153,400,223,400,223,484,BỘ
486,358,529,358,529,387,486,387,RAM
204,390,204,355,253,355,253,390,CỘNG
445,355,483,355,483,392,445,392,VIỆT
389,388,389,354,442,354,442,388,NGHĨA
257,387,257,356,288,356,288,387,HÒA
320,391,320,355,349,355,349,391,HỘI
292,388,292,355,319,355,319,388,XÃ
351,388,351,351,388,351,388,388,CHỦ