69,526,69,514,91,514,91,526,NH
93,513,111,513,111,526,93,526,MÌ
170,525,170,513,189,513,189,525,KÝ
144,524,144,513,168,513,168,524,NIƠ
113,525,113,512,141,512,141,525,THỔ
528,470,529,446,623,449,622,473,600
398,458,400,437,517,445,515,466,PHÁT
263,451,264,430,385,439,384,459,NGỌC
192,447,194,426,252,430,251,450,BÁNH
129,442,130,422,186,426,185,446,HÀNG
101,439,101,420,121,420,121,439,ÍA
537,373,537,356,561,356,561,373,011
445,371,445,355,534,355,534,371,D9:0945.668
322,371,322,356,357,356,357,371,-
387,371,387,355,423,355,423,371,PHƯỚC
354,371,354,354,384,354,384,371,BÌNH
294,354,319,354,319,373,294,373,LỘC
250,369,250,354,274,354,274,369,PHỦ
223,369,223,354,251,354,251,369,MINH
182,354,221,354,221,369,182,369,13-EP.
278,370,278,353,300,353,300,370,TT.
166,369,166,353,185,353,185,369,QL
137,353,163,353,163,367,137,367,201A
108,369,108,352,132,352,132,369,ĐC:
749,333,753,309,799,316,796,340,Biệ
402,283,404,242,552,250,550,290,Bakery
704,240,784,230,786,246,706,256,Chuyên:
699,216,702,166,800,171,797,221,MI
124,234,125,158,314,162,312,238,NGỌC
492,170,538,167,541,214,495,217,-
334,223,335,154,513,156,512,225,PHÁT
736,146,737,127,793,130,792,149,STUDIO
677,141,678,123,732,126,731,144,PHOTO
461,150,461,119,540,120,540,151,NGỌT
375,143,376,114,454,117,453,145,BÁNH
292,143,293,109,370,112,368,145,XUẤT
226,140,227,108,287,111,285,143,SẢN
130,139,130,107,175,107,175,139,CƠ
179,141,180,104,222,105,221,143,SỞ