259,340,259,329,268,329,268,340,EP
258,312,274,311,275,326,259,327,UỐN
272,311,272,299,290,299,290,311,NAM:
291,311,291,298,305,298,305,311,80K
258,311,258,298,272,298,272,311,CÁT
286,295,286,283,302,283,302,295,20K
258,282,271,282,271,295,258,295,CẮT
272,295,272,282,283,282,283,295,NỬ
335,255,364,254,364,262,335,263,avines
134,262,135,253,175,254,174,263,dlavines
0,241,1,232,20,236,18,245,IONG
389,210,438,208,438,217,390,218,eLGON
57,215,57,207,108,207,108,215,eLGON
277,203,316,202,316,228,277,229,HỌC
236,202,273,202,273,229,236,229,TẠO
133,201,186,201,186,228,133,228,NHẬN
190,226,190,200,231,200,231,226,ĐÀO
321,200,365,200,365,225,321,225,VIÊN
276,187,276,179,299,179,299,187,248
298,188,298,178,321,178,321,188,949
249,188,249,178,280,178,280,188,0935
196,188,196,177,244,177,244,188,HOTLINE
236,168,236,154,277,154,277,168,QUẢNG
306,168,307,154,327,155,327,169,GIÁ
280,168,280,154,305,155,305,169,CÁO
201,167,201,154,232,154,232,167,BẢNG
173,168,173,154,199,154,199,168,LÀM
329,169,329,154,344,154,344,169,RẺ
502,147,502,138,510,138,510,147,L
487,148,487,137,503,137,503,148,ủa
339,129,339,121,434,121,434,129,MOBI:0933742213
169,132,169,118,189,118,189,132,135
191,130,191,117,222,117,222,130,CHÙA
225,130,225,115,258,115,258,130,LÁNG
485,109,494,109,495,120,485,120,1g
493,119,493,107,508,107,508,119,chỉ
395,102,431,102,431,112,395,112,NGHIỆP
352,111,352,101,392,101,392,111,CHUYÊN
276,111,276,99,297,100,297,112,TẠO
324,112,324,98,349,98,349,112,TÓC
251,112,251,98,275,98,275,112,NHA
298,112,298,97,324,97,324,112,MẪU
292,95,292,41,426,43,425,97,OÀN
206,45,276,41,279,89,209,94,L
48,36,49,27,89,30,89,38,Toung
99,26,158,25,158,36,99,37,avines
226,29,226,17,289,17,289,29,SALON
174,30,174,17,221,17,221,30,HAIR