625,568,625,558,652,558,652,568,VietHon
204,575,204,546,278,546,278,575,BigBE
645,557,649,546,670,555,665,565,HO
608,557,640,540,647,554,615,570,QUẤT
4,521,4,504,93,505,93,523,945.913.456
2,495,2,479,95,481,94,497,097.997.9987
709,458,748,449,758,491,719,500,ĐƠN
86,470,86,451,106,451,106,470,24
64,452,87,452,87,468,64,468,24/
2,468,3,449,41,451,40,469,PHỤC
41,469,43,449,65,451,63,471,VỤ
59,444,59,424,98,424,98,444,ĐỒNG
18,444,19,423,57,425,56,446,CỘNG
57,421,57,400,96,400,96,421,KHỎE
691,409,736,394,746,425,701,440,THEO
27,420,28,398,57,400,56,422,SỨC
58,398,58,377,76,377,76,398,VÌ
756,366,756,355,784,355,784,366,102B
30,370,30,341,76,341,76,370,TÂM
669,357,727,334,742,373,685,396,THUỐC
75,370,76,340,120,341,119,371,ĐỨC
764,323,764,311,779,311,779,323,583
744,322,744,311,764,311,764,322,0103
79,336,79,302,145,303,144,337,THUỐC
20,302,77,302,77,338,20,338,QUẦY
666,305,703,291,716,326,679,340,BÁN
703,255,703,227,736,227,736,255,NHÀ
734,225,771,225,771,257,734,257,ĐẤT
655,220,684,203,689,212,660,229,sale
86,213,86,204,156,205,156,214,VitaHealth
578,202,579,192,644,197,644,206,ĐT:0945.913.856-
537,200,539,189,567,192,565,203,Hànội
523,200,523,188,538,188,538,200,TL
499,198,500,186,524,188,523,200,Nhai
488,197,488,186,501,186,501,197,CỔ
467,197,467,185,485,185,485,197,Bến
440,196,441,185,468,187,467,198,Hoàng
409,194,410,183,438,185,437,197,Phòng
388,194,388,182,410,182,410,194,Quốc
367,193,368,181,389,182,388,194,Viện
352,193,352,180,369,180,369,193,Học
175,186,175,180,233,182,233,187,DINHINGCHUNÀCANGANGI
651,189,652,177,675,179,674,191,21h
271,189,271,178,352,179,352,190,ĐC:102BMbÀA14TT
631,188,631,178,648,178,648,188,7h
73,184,73,177,140,179,140,186,ThangHôi
600,185,601,174,627,176,627,187,GMC
462,179,463,167,497,168,496,180,QLHN
430,176,430,165,455,166,454,178,SYT
388,174,389,163,423,165,422,176,CNQT
330,171,330,160,385,163,385,174,239/2009
309,172,309,159,329,159,329,172,số:
281,170,281,159,309,160,309,171,GCN
508,165,509,154,534,156,533,167,YÊN
489,164,490,153,510,154,509,166,THỊ
471,162,471,152,486,152,486,162,LÊ
436,161,437,152,470,153,470,162,DSTH
616,159,617,143,666,146,665,162,PHẨM
556,155,557,140,613,144,612,158,THÀNH
493,150,494,135,553,138,552,154,THUỐC
448,148,449,134,489,136,489,150,LOẠI
409,146,409,130,445,132,445,148,CÁC
366,144,367,128,405,130,405,146,BÁN
287,140,287,125,363,129,362,144,CHUYÊN
503,129,505,100,649,110,647,139,ĐỨC
317,118,319,88,482,98,481,127,TÂM
480,88,482,67,625,78,624,99,THUỐC
339,81,341,56,462,61,461,87,QUẦY
131,66,132,52,237,57,237,71,VitaHealth