4,2234,6,2137,151,2142,148,2238,PLE
16,2086,16,2034,119,2034,119,2086,CHẾT
136,2036,139,1989,240,1996,237,2042,HIÊN
27,2032,27,1993,128,1993,128,2032,NGUY
179,1980,181,1935,268,1939,266,1984,CAO
105,1974,105,1936,167,1936,167,1974,ÁP
7,1979,7,1929,107,1929,107,1979,MÊN
1390,1968,1390,1924,1445,1924,1445,1968,-
2598,1875,2848,1870,2851,2020,2601,2025,ĐT:
1161,2018,1161,1872,1365,1872,1365,2018,P.1
2886,1863,3256,1860,3258,2015,2887,2019,01216
3278,2025,3278,1851,3502,1851,3502,2025,118
1469,1864,1587,1858,1595,2014,1476,2020,Q.
592,2030,595,1841,876,1846,872,2035,VĂN
3520,2027,3520,1842,3758,1842,3758,2027,112
384,2027,384,1840,565,1840,565,2027,LÊ
1623,2018,1623,1830,1911,1830,1911,2018,TÂN
1937,2012,1946,1823,2301,1840,2293,2028,BÌNH
901,1841,1091,1833,1099,2020,909,2028,SỸ
129,1718,135,1664,259,1678,253,1732,TREU
23,1665,120,1660,123,1719,27,1724,CẤM
133,1472,249,1472,249,1515,133,1515,NIÊM
16,1462,16,1419,89,1419,89,1462,HIÊ
857,1258,2939,1239,2943,1663,861,1681,TRANG
121,1204,125,1140,229,1147,225,1211,TRE
7,1202,7,1145,112,1145,112,1202,KAM
1321,1123,1342,541,2508,583,2487,1165,dollu