588,541,588,528,690,529,690,543,wikimapia.org
359,237,359,210,412,211,411,238,năm
288,240,290,207,354,210,352,243,mừng
416,238,416,209,462,209,462,238,mới
225,237,227,204,284,207,283,240,Chúc
441,136,472,136,472,142,441,142,ĐT:
476,135,618,134,618,141,476,142,056.857349
169,131,169,111,260,112,260,132,TRUNG
270,110,326,109,327,138,271,139,HỌC
332,135,332,106,372,106,372,135,CƠ
52,131,52,106,158,107,158,132,TRƯƠNG
549,103,618,102,619,130,549,131,TRÃI
425,103,538,100,539,130,426,132,NGUYỄN
375,100,418,99,419,133,377,135,SƠ