61,381,61,375,85,375,85,381,NHÀNG
47,380,47,376,62,376,62,380,BIẾNG
88,374,104,374,104,382,88,382,GÁO
367,371,367,360,588,361,588,372,contactetip-group.com.vn
184,370,184,359,300,359,300,371,0922.338.222/
310,371,310,358,359,359,359,371,Email:
114,371,114,358,175,358,175,371,Hotline:
47,352,102,352,103,374,47,374,TLP
358,273,432,273,432,284,358,284,0989859878
106,287,106,272,148,272,148,287,Nguyễn
247,286,247,272,265,272,265,286,TP.
204,287,204,271,242,271,242,288,Cường
151,285,151,272,173,272,173,285,Cao
64,287,64,271,103,272,102,287,Đường
0,285,0,272,22,272,22,285,ĐC:
334,286,334,271,355,271,355,286,ĐT:
290,285,290,271,317,272,316,286,Ninh
177,286,177,271,202,271,202,286,P.Võ
24,285,24,271,55,271,55,285,459A
489,286,489,271,524,271,524,286,Phép:
529,271,575,270,575,283,529,284,150/SYT
460,287,460,269,488,269,488,287,Giấy
267,269,289,269,289,286,267,286,Bắc
459,264,459,258,466,258,466,264,-
424,266,424,254,451,255,451,267,Thứ
469,267,469,254,489,254,489,267,CN
447,265,452,252,461,256,457,268,7
506,267,506,253,528,253,528,267,(8h
538,266,538,252,563,252,563,266,20h
389,248,390,232,420,233,420,249,Việc
424,233,447,233,447,245,424,245,Thứ
360,246,360,232,387,233,387,247,Làm
220,246,221,233,242,233,242,247,EM
467,245,467,232,494,232,494,245,Thứ
537,245,537,231,566,231,566,245,20h)
448,245,449,232,466,233,465,246,2-
336,247,336,231,359,231,359,247,Giờ
509,245,509,231,532,231,532,245,17h
494,233,502,233,502,245,494,245,6
173,247,173,230,191,230,191,247,VÀ
193,246,193,229,219,230,219,246,TRẺ
143,247,143,229,171,229,171,247,LỚN
98,245,98,229,141,229,141,245,NGƯỜI
73,246,73,230,95,230,95,246,SOI
1,244,2,229,43,230,43,245,KHÁM
46,248,46,228,71,228,71,248,NỘI
245,223,245,208,291,208,291,223,KHOA
419,207,464,206,464,224,419,225,QUÂN
177,223,177,206,243,206,243,223,CHUYÊN
384,224,384,205,416,205,416,224,VĂN
342,224,342,205,380,205,380,224,GIÁP
329,224,329,207,341,207,341,224,I:
151,224,152,203,174,204,173,225,SỸ
115,224,115,202,150,202,150,224,BÁC
293,225,293,201,328,201,328,225,CẤP
143,174,146,158,170,162,167,179,-
369,142,544,142,544,199,369,200,HỌNG
20,196,20,138,128,138,128,196,TAI
185,134,308,133,309,196,186,197,MŨI
384,110,444,110,444,130,384,130,KHOA
294,109,378,109,379,130,294,131,CHUYÊN
140,131,140,107,216,107,216,131,PHÒNG
221,131,221,106,287,106,287,131,KHÁM
55,54,55,48,90,48,90,54,GƠNQUẢNG
92,55,92,47,107,47,107,55,CÁO
55,28,107,26,108,48,55,49,TLP