397,470,399,459,421,463,419,473,Teaf
191,429,191,421,292,422,292,430,QUANGCAOTAYBAC
585,428,585,421,686,421,686,428,QUANGCAOTAYBAC
294,430,294,420,311,420,311,430,VN
394,428,394,420,495,421,495,429,QUANGCAOTAYBAC
106,429,106,420,124,420,124,429,VN
3,429,3,420,105,420,105,429,QUANGCAOTAYBAC
688,430,688,419,705,419,705,430,VN
496,429,496,419,515,419,515,429,VN
177,376,178,363,202,366,201,379,39K
208,348,208,341,220,341,220,348,QUÂN
200,348,200,341,209,341,209,348,VONE
183,347,184,339,199,340,199,348,Chácco
167,347,167,340,177,340,177,347,BẢNG
177,340,182,340,182,347,177,347,X
497,242,497,232,535,233,535,243,0242
178,242,178,227,204,227,204,242,TRÃI
131,241,131,227,176,227,176,241,NGUYỄN
107,242,107,227,131,227,131,242,370
225,206,226,150,498,156,497,212,Teafux