453,399,587,398,587,413,453,414,FAX:(948)839315
370,408,370,397,434,399,434,410,8330205
266,410,266,395,366,395,366,410,ĐT:8394747
537,380,598,378,598,392,538,394,TP.HCM
458,390,458,377,532,378,532,391,P.4.Q.3
413,372,454,372,454,391,413,391,PHỦ.
370,389,370,371,411,371,411,389,BIỂN
326,392,326,370,367,370,367,392,ĐIỆN
293,389,293,371,322,371,322,389,371
253,387,254,368,291,370,290,388,ĐC:
573,344,576,272,664,276,661,348,DÂN
457,339,460,265,568,270,565,343,BÌNH
327,343,332,259,449,266,443,351,VIỆN
175,339,179,249,316,255,312,345,BỆNH
509,249,510,228,564,232,562,253,MINH
464,247,466,221,506,224,504,250,CHÍ
392,242,394,219,422,221,421,244,TP.
426,245,428,216,462,219,460,247,HỒ
335,239,335,215,356,215,356,239,Y
359,241,359,212,390,212,390,241,TẾ
296,236,299,204,335,207,333,238,SỞ