317,437,345,435,347,456,319,459,(CƠ
370,434,386,434,386,454,370,454,2)
347,432,368,431,369,453,349,455,SỞ
178,392,271,389,272,439,180,442,BỆNH
351,396,406,393,407,423,353,426,UNG
273,391,346,385,350,432,278,439,VIỆN
409,386,471,380,475,418,412,424,BƯỐU
383,381,383,367,414,367,414,381,MINH
314,383,314,367,333,367,333,383,TP.
359,383,359,366,382,366,382,383,CHÍ
280,384,280,367,292,367,292,384,Y
334,364,356,363,357,383,336,385,HỒ
293,384,293,363,313,363,313,384,TẾ
254,363,278,362,279,384,255,385,SỞ
364,308,364,302,405,303,405,309,BAZUANENTHERAPY
346,308,346,300,362,300,362,308,UEAC
392,301,392,291,406,291,406,301,GIA
406,303,406,290,422,290,422,303,TÚC
363,299,363,290,388,291,388,300,XATHI
344,300,344,288,360,288,360,300,KEU