60,401,60,396,115,396,115,401,Adverthing&Scoltag
347,395,347,382,565,382,565,396,quangcaothuonglam@gmail.c
255,395,255,382,289,382,289,395,2222
188,393,189,381,249,382,249,394,0243881
131,393,131,382,183,383,183,395,Hotline:
300,394,300,381,340,382,340,395,Email:
59,374,114,374,114,396,59,396,TLP
146,334,146,327,155,327,155,334,QU
101,288,133,286,133,293,101,296,LONGCHẪU
374,251,374,236,409,236,409,251,IAI
417,251,417,235,449,235,449,251,CA
453,235,498,234,498,251,454,252,SAN
333,250,333,234,367,235,367,251,3%
218,235,269,234,269,247,218,247,GIÁM
276,248,276,233,326,234,326,249,NGAY
121,242,125,233,132,236,128,245,TY
70,245,70,232,93,232,93,245,BƠN
42,245,42,231,70,231,70,245,TƯNG
496,197,541,197,542,206,496,207,4138026890
458,208,458,197,476,197,476,208,SGP
47,207,47,197,59,197,59,207,DS:
61,206,61,196,90,196,90,206,NGUYỄN
479,208,479,195,493,195,493,208,SỐ
65,192,65,179,93,180,93,193,Dược
218,193,218,179,233,179,233,193,cụ
185,192,185,178,217,178,217,192,Dụng
489,177,529,177,529,191,489,191,dưỡng
283,177,313,177,313,191,283,191,Thực
126,191,127,177,146,178,145,192,Mỹ
243,177,273,177,273,191,243,191,khoa
458,190,458,176,487,177,487,190,dinh
377,193,377,176,409,176,409,193,năng
348,190,348,177,376,177,376,190,chức
232,193,234,178,242,178,241,194,y
145,177,177,176,177,191,146,193,phẩm
417,189,418,176,456,176,456,189,Thuốc
314,176,346,175,346,191,314,192,phẩm
135,124,272,121,273,158,136,161,LONG
290,112,437,108,438,155,291,159,CHÂU
233,98,233,76,273,76,273,98,NHÀ
280,75,343,74,344,96,280,96,THUỐC