357,426,359,394,672,407,671,439,0907.62.62.15
283,401,285,354,353,358,350,405,ĐT:
363,380,364,350,675,363,674,393,0944.716.760
608,348,609,329,649,332,647,351,Hôi
527,346,529,326,598,330,597,350,Chống
460,342,461,323,505,327,504,345,Mới
397,339,399,316,454,323,451,345,Hầm
343,338,344,317,392,321,390,342,Đào
567,319,568,298,634,302,632,324,Nghệt
499,315,501,291,561,298,559,322,cống
445,312,447,290,492,293,490,315,Cầu
365,308,366,288,438,295,437,314,Thông
612,293,613,273,675,276,674,296,Chữa
562,290,564,269,608,273,606,293,Sữa
504,288,506,265,556,269,554,292,Cầu
445,283,447,262,500,266,498,287,Hầm
399,282,400,261,440,264,439,285,Rút
298,271,301,232,398,237,396,277,Chuyên:
552,255,553,221,656,225,654,259,HUY
409,246,411,207,538,214,536,253,ĐÌNH
618,210,620,177,693,182,691,215,TRƯỜNG
529,208,530,178,575,180,573,210,SINH
576,211,577,174,617,175,615,213,MÔI
471,211,471,175,497,175,497,211,VỤ
422,207,422,172,469,173,468,208,DỊCH
501,211,501,172,526,172,526,211,VỆ