125,118,125,110,134,110,134,118,vn
104,119,104,109,125,109,125,119,aby.
412,118,412,108,431,108,431,118,Toàn
352,118,352,108,382,108,382,118,Nguyễn
385,117,385,108,410,108,410,117,Khánh
72,118,72,107,97,107,97,118,Hello
333,118,333,107,349,107,349,118,132
243,79,243,67,270,67,270,79,NHẤT
211,78,211,68,227,68,227,78,HƠN
197,79,197,67,211,67,211,79,RẺ
229,40,270,40,270,62,229,62,aby
160,57,160,40,211,40,211,57,Hello
214,40,227,40,227,57,214,57,B
161,32,161,21,189,22,188,33,Siêu
192,34,192,20,212,20,211,35,thị