570,383,570,375,580,375,580,383,22
515,384,515,374,537,374,537,384,Hotline:
480,385,480,373,511,373,511,385,idea
580,383,580,375,588,375,588,383,31
552,384,552,374,571,374,571,384,4433
539,384,539,374,549,374,549,384,09
516,373,516,368,523,368,523,373,lư
578,373,578,367,588,367,588,373,Phi
563,367,578,367,578,373,563,373,Miễn
555,373,555,366,563,366,563,373,Kố
540,366,554,366,554,373,540,373,Thiết
524,373,524,366,535,366,535,373,Vấn
89,243,161,237,163,262,91,267,Bánh
434,243,478,242,479,252,434,253,NP4Đọi
477,240,494,239,495,251,477,252,LO
494,239,520,237,520,248,495,249,Bình
520,238,561,236,561,244,521,247,Dương
172,239,308,228,310,247,174,259,Martabar
326,225,471,214,472,234,328,245,Indonesia
27,215,101,210,103,237,29,242,Bánh
109,208,185,205,186,234,110,237,Bông
190,203,243,198,245,224,192,228,Lan
252,194,343,190,345,220,254,225,Khống
353,186,391,180,395,211,358,216,Lồ
399,183,452,179,455,205,401,209,Đài
101,180,132,177,134,199,102,201,LE'
137,178,180,175,181,194,138,197,OLD
464,180,539,173,542,196,466,203,Loan
193,174,238,172,239,188,194,190,TIME
248,171,328,164,329,177,249,185,FLAVOR
335,161,364,158,366,175,337,179,OF
375,157,460,150,461,165,377,172,TAIWAN
232,150,325,141,326,154,234,163,VIETNAM
70,110,145,104,149,152,75,159,LE
166,111,474,81,477,111,169,140,CASTELLA