357,387,357,381,370,381,370,387,TRUNG
345,386,345,380,357,380,357,386,QUANG
338,386,338,380,345,380,345,386,210
334,301,334,288,370,289,369,302,Smart
62,282,62,276,82,276,82,283,SANPHAN
334,285,334,275,348,275,348,285,SẢN
349,284,349,275,367,275,367,284,PHẦM
333,264,346,264,346,273,333,273,GIỚI
349,273,349,263,368,263,368,273,THIỆU
348,261,348,252,366,252,366,261,HÀNG
334,262,334,252,346,252,346,262,CỬA
341,239,341,234,359,234,359,239,SAGH
285,198,315,197,315,203,285,204,TEL/FAX
318,196,359,196,359,203,318,203,0511:353826
295,190,316,189,317,195,295,196,QUANG
53,185,91,184,92,211,54,212,NƯỚC
319,189,339,188,339,194,320,195,TRUNG
345,188,354,188,354,195,345,195,DI
129,210,129,180,162,180,162,210,SÀO
94,211,94,179,126,179,126,211,YẾN
166,179,226,178,227,206,167,208,KHÁNH
232,174,272,172,273,205,233,207,HOÀ
314,175,335,174,335,184,315,185,210
120,119,163,113,164,120,121,126,TEL/FAX:
71,114,89,111,90,120,73,124,210
90,111,120,107,121,115,92,120,QUANG
167,111,244,102,245,110,168,120,0511.3531426
123,106,155,102,156,111,124,114,TRUNG
163,100,191,96,193,106,165,110,QUẬN
72,95,98,91,100,106,74,110,CỬA
194,96,214,92,215,101,196,105,HẢI
217,91,247,87,248,97,218,101,CHẬU
102,90,137,86,139,99,103,103,HÀNG
256,86,274,82,277,93,259,96,ĐÀ
141,83,171,78,174,94,144,99,GIỚI
279,82,312,77,313,88,280,92,NẴNG
176,79,220,72,223,88,179,94,THIỆU
225,69,258,64,261,82,228,87,SẢN
263,63,311,56,313,74,265,80,PHẨM