163,136,163,130,222,130,222,136,ThiệtKơthicông
164,119,207,118,208,126,164,126,SBGROUP
233,118,256,118,256,127,233,127,NAM
210,116,231,116,231,128,210,128,VIỆT
207,84,208,78,258,87,257,93,OPDWUGCNBOKKĐT
113,84,115,76,127,79,125,86,Q.4
93,81,95,73,111,76,109,84,P.12
70,78,72,67,91,70,89,81,ĐỒN
51,74,53,65,71,68,69,77,VĂN
142,74,143,65,168,70,166,78,CƯỜNG
31,71,33,61,52,64,50,74,BẾN
121,71,122,61,143,64,142,73,XUÂN
18,69,19,60,31,62,30,71,68
98,66,99,58,122,62,120,70,PHẠM
82,62,84,54,98,56,96,64,DS.
182,68,186,46,263,59,259,81,THANH
57,47,69,46,69,53,58,54,DỤP
37,49,39,44,57,49,56,55,Timeet
215,47,217,39,231,41,230,49,GPP
188,41,190,30,216,35,214,46,CHUẨN
168,37,170,27,188,31,186,41,ĐẠT
19,30,25,25,38,42,32,47,HOANG
83,47,88,20,181,39,176,66,HOÀNG
117,23,119,14,169,25,167,35,NHATHUỐC