559,419,581,418,582,427,560,428,com
537,428,538,417,557,418,557,429,Skc
87,426,88,410,129,411,129,427,2117383
71,426,71,409,86,409,86,426,ĐT:
44,429,44,408,64,408,64,429,Nội
0,424,1,406,26,408,24,426,Đình
27,426,27,407,44,407,44,426,Hà
302,403,320,403,320,427,302,427,trị
320,424,320,402,350,402,350,424,khác
252,429,255,400,280,402,278,431,quà
279,427,282,400,302,402,299,429,giá
219,429,219,397,253,397,253,429,phần
142,421,142,399,159,399,159,421,Và
184,422,184,396,220,396,220,422,nhiều
160,396,184,396,184,422,160,422,rất
542,390,599,386,601,409,544,413,SKC
248,397,248,376,272,376,272,397,học
307,398,307,375,329,375,329,398,phí
230,392,230,375,246,375,246,392,tin
197,392,197,374,228,374,228,392,khóa
142,395,144,372,176,374,175,397,Tặng
274,394,275,371,306,373,305,396,miễn
177,392,178,373,195,374,193,393,01
82,382,85,355,97,356,94,383,CƠ
45,387,48,350,84,353,81,389,trương
111,381,113,350,135,352,133,383,mới
19,379,23,346,48,349,44,382,Khai
96,381,100,349,112,351,108,382,SỞ
211,367,212,346,236,347,235,368,học
237,367,237,345,259,345,259,367,phí
181,363,182,343,210,344,210,364,10%
145,362,146,342,180,343,179,363,Giảm
10,331,12,308,62,312,60,335,mừng
290,342,290,307,337,307,337,342,ngữ
87,331,89,309,115,311,113,333,tới
63,331,69,307,89,311,83,336,bé
239,333,240,305,285,306,284,334,Anh
122,335,124,303,184,306,182,338,Trung
187,332,188,304,234,306,234,333,tâm
523,156,523,147,545,147,545,156,7383
504,157,504,145,522,145,522,157,211
490,157,490,146,503,146,503,157,04
130,159,130,145,149,145,149,159,ngõ
472,157,472,145,485,145,485,157,ĐT
118,158,118,145,130,145,130,158,B4
48,145,65,145,65,157,48,157,ĐC:
182,144,201,144,201,158,182,158,Vợn
79,157,79,144,98,144,98,157,nhà
225,156,225,144,238,144,238,156,Bo
150,144,162,144,162,157,150,157,49
99,156,99,144,111,144,111,156,1B
283,157,283,143,301,143,301,157,Nội
268,156,268,143,282,143,282,156,Hà
240,143,261,143,261,155,240,155,Đình
202,156,202,143,220,143,220,156,Bảo
163,157,163,143,182,143,182,157,phố
66,144,79,144,79,157,66,157,Số
421,121,449,119,450,130,422,132,40
207,123,233,120,234,128,208,132,zon
86,125,86,117,132,120,132,128,ZEN
184,117,219,106,222,117,188,128,Good
405,114,444,104,447,115,408,125,GREATI
492,115,495,103,544,115,541,128,Readingl
298,116,299,103,351,109,349,122,Reading
89,113,91,102,128,109,126,120,GREAT
391,103,426,94,429,105,394,114,Books
120,104,123,92,145,97,142,109,Are
502,102,504,91,540,100,538,111,Love
220,103,255,90,260,104,225,117,Book!
311,103,312,91,345,95,344,106,Love
193,97,226,87,230,98,196,108,Read
431,92,454,87,456,99,434,103,Are
80,99,82,87,120,93,118,104,Books
438,76,438,65,483,66,482,77,Cleative
486,77,486,64,524,65,524,78,tolects
374,79,374,65,396,65,396,79,qui
401,76,401,63,434,63,434,76,bilds
318,75,319,62,368,65,367,78,Ahuaning
70,58,96,57,96,65,71,66,Smart
115,64,115,57,142,57,142,64,Canter
95,56,115,55,115,65,96,66,Khôn
172,60,172,39,239,39,239,60,Smart
299,58,300,38,374,39,374,59,Center
246,60,246,35,294,35,294,60,Kids
470,28,470,17,523,19,522,29,Concord
435,33,435,16,465,16,465,33,Ngừ
170,32,171,15,198,16,197,33,Tập
390,32,390,14,431,14,431,32,Ngoại
201,28,201,16,238,16,238,28,Đoàn
361,31,361,14,387,14,387,31,Tạo
329,15,357,15,357,27,329,27,Đào
278,30,278,14,306,14,306,30,Dục
309,28,309,15,325,15,325,28,và
242,14,274,14,274,28,242,28,Giáo