311,474,332,471,335,490,314,493,GIẢ
306,465,306,438,341,438,341,465,RÃNG
21,432,55,432,55,439,21,439,0984927
57,439,57,432,70,432,70,439,486
23,431,23,424,42,424,42,431,6904
11,424,22,424,22,432,11,432,ĐT:
59,431,59,423,72,423,72,431,491
44,431,44,423,57,423,57,431,337
29,423,29,415,43,416,42,424,m
46,414,72,413,73,422,46,423,NHAI
12,423,12,414,27,414,27,423,MÌ
218,415,218,405,242,405,242,415,SANG
200,416,200,402,218,402,218,416,ĐẨY
302,425,302,398,338,398,338,425,CHỈNH
35,382,59,380,59,391,35,393,VÈ
335,378,359,374,363,392,338,397,NG
23,373,57,373,57,380,23,380,CHUY
362,372,383,370,385,389,365,391,H
301,387,301,360,328,360,328,387,NẮN
52,367,52,361,64,362,64,368,KINH
39,367,39,361,52,361,52,367,NHOM
33,361,39,361,39,367,33,367,TẾ
40,354,54,354,54,360,40,360,THANH
53,360,53,353,60,353,60,360,LY
285,336,285,325,291,325,291,336,0
324,322,336,313,341,320,328,329,KHA
334,314,347,308,350,315,338,321,100
346,308,356,301,361,309,350,315,SI
332,298,343,295,345,306,335,308,30K
318,296,349,272,355,281,325,304,Lirerormi
314,272,329,257,340,268,325,283,CAO
331,270,331,242,348,242,348,270,CẤP
129,243,129,233,154,234,154,244,.699
84,243,84,233,133,234,133,243,0964.697.
210,234,298,232,298,242,210,243,312MINHKHALHN
305,243,337,210,354,226,322,260,RÀNG
122,221,122,213,146,214,146,222,www
155,222,155,211,218,211,218,222,DEPQUA
220,223,220,210,243,210,243,223,VN
310,223,320,204,329,208,319,227,THẨN
352,204,353,195,383,197,383,205,62915
322,205,332,191,340,197,330,211,MỸ
39,200,39,190,174,190,174,200,oithathoangphat.com.vn
237,189,287,189,287,199,237,199,0943.585
187,189,232,189,232,199,187,199,Hotline:
288,200,289,187,311,189,310,201,986
360,192,361,183,380,184,380,193,310
329,171,330,164,364,166,363,173,30.1381/SYT
311,171,311,163,329,163,329,171,GPND:
367,164,367,155,381,155,381,164,TOÀN
355,164,355,155,367,155,367,164,VĂN
333,154,354,154,354,162,333,162,NGUYỄN
323,162,323,154,332,154,332,162,ST:
310,162,310,153,322,153,322,162,BẮC
122,146,186,145,186,159,122,159,TRANG
202,158,202,145,268,145,268,158,ONLINE
65,160,65,139,110,141,110,161,THỜI
367,149,367,132,385,132,385,149,R
326,146,326,131,364,132,364,147,LÀM
353,127,354,111,385,112,384,128,CHỈ
311,126,312,110,350,111,349,127,NẴN
74,122,75,88,263,94,262,128,depqua
301,98,304,49,386,54,383,103,RẰNG
149,68,150,50,195,51,195,69,vn