2478,1881,2478,1840,2530,1840,2530,1881,-
3135,1917,3136,1806,3619,1812,3618,1922,822936
2568,1908,2569,1799,3116,1804,3115,1913,ĐT:0908
1886,1908,1886,1792,2107,1792,2107,1908,P.1-
2153,1915,2153,1778,2459,1778,2459,1915,Q.TB
1308,1920,1311,1776,1558,1780,1555,1925,Văn
776,1921,779,1776,1036,1781,1034,1925,307
1079,1924,1088,1772,1271,1784,1262,1936,Lẻ
1583,1968,1601,1762,1781,1777,1764,1983,Sỹ
3050,1658,3059,1493,3458,1515,3449,1680,Xm
2517,1658,2521,1473,2970,1483,2966,1667,Tóc
1872,1289,1887,919,3179,971,3164,1342,Loai
1941,678,1946,563,2579,589,2574,704,SALON
1380,654,1386,537,1841,558,1836,674,HAIR
3285,506,3439,234,3525,282,3371,554,HƯNG