469,286,482,285,483,297,470,298,THỊCH
492,286,501,285,502,296,493,297,ĐẬT
483,298,483,285,492,285,492,298,QUI
465,278,472,278,473,283,466,284,LY
471,283,471,277,477,277,477,283,100
478,283,478,277,486,277,486,283,HOU
491,282,491,276,501,276,501,282,104
42,223,42,214,86,215,86,224,DUNG
159,215,285,213,285,225,160,226,quangcaotre.net
370,223,370,213,475,213,475,223,097.889.0768
303,223,303,212,361,213,361,224,Hotline:
114,224,114,211,153,212,152,225,Web:
73,166,92,166,92,176,73,176,ĐC:
93,166,116,165,116,175,93,176,KIOS
117,175,117,164,129,164,129,175,15
130,164,153,163,153,175,130,175,CHỢ
153,174,153,162,174,163,173,175,PHÚ
175,163,188,162,189,173,175,174,LỖ
217,162,238,161,238,171,217,172,SƠN
195,162,215,161,216,172,195,173,SÓC
255,161,272,161,272,171,255,171,NỘI
239,171,239,160,254,160,254,171,HÀ
352,159,403,157,403,164,352,166,0985.809.238
336,157,351,157,352,166,336,167,ĐT:
98,97,162,95,163,131,99,132,ĐẠI
257,92,396,90,397,129,258,131,bitrs
167,86,209,86,210,125,168,126,LÝ
65,88,65,80,104,80,104,88,VietnamValue
136,78,141,56,149,57,145,80,ONGCAO
108,49,122,47,127,80,113,82,MUSTICVICT
124,50,126,44,140,48,138,54,NAM
162,42,198,42,198,58,162,58,CÔNG
216,43,246,42,247,56,216,56,TNHH
198,58,198,42,215,42,215,58,TY
248,57,248,40,267,40,267,57,SX
267,56,267,39,299,39,299,56,HÀNG
300,38,327,37,328,55,301,56,TIÊU
328,54,328,37,361,37,361,54,DÙNG
363,52,363,36,390,36,390,52,BÌNH
391,53,391,36,417,36,417,53,TIÊN