446,473,446,461,472,461,472,473,ang
3,438,30,437,31,448,3,448,HÀNG
31,438,51,434,53,446,34,450,Tuá
432,445,434,434,450,436,448,448,Duy
475,421,475,412,492,413,491,423,211
434,421,434,412,478,413,478,422,0985.035.
21,426,24,402,42,404,39,429,5
467,400,478,400,478,408,467,408,Thu
447,409,447,399,464,399,464,409,Phòng
480,408,480,399,489,399,489,408,Ẩm
436,407,436,399,445,399,445,407,DY
30,392,30,376,60,376,60,392,THỨ
433,388,433,375,466,375,466,388,GIẢM
4,374,27,374,27,392,4,392,TỐI
469,374,492,373,492,388,470,389,GIÁ
442,356,442,331,482,331,482,356,ÂM
112,318,158,305,162,318,116,331,SUMMER
438,306,484,305,485,321,439,322,THU
6,324,7,301,60,303,59,325,SỐNG
112,308,140,301,141,308,113,315,GOODBYE
432,280,489,278,490,292,433,295,PHÒNG
7,290,7,272,60,273,60,291,NHẠC
133,286,133,254,208,254,208,286,Lafe
190,210,191,191,216,192,215,211,Đặng
455,192,493,192,493,204,455,204,113.123
419,192,449,192,449,204,419,204,0904
338,192,409,192,409,204,338,204,097.993.8899
170,208,170,192,185,192,185,208,23
240,210,240,190,261,190,261,210,Ngữ
262,189,291,189,291,210,262,210,Đống
218,207,218,190,238,190,238,207,Văn
291,210,291,190,308,190,308,210,Đa,
309,190,325,189,326,206,310,207,HN
109,175,109,163,118,163,118,175,s
63,154,70,144,107,168,100,178,coffee
123,165,156,142,164,152,130,176,studio
331,113,480,112,480,139,332,140,TRANG
190,109,312,108,312,141,190,143,THỦY
58,91,90,61,99,71,68,101,duykhoo
115,70,123,59,162,84,154,96,trang.com
96,64,115,64,115,73,96,73,thuy
320,73,321,41,452,44,451,76,KHOA
210,43,307,41,308,77,211,79,DUY