3198,1777,3201,1726,3462,1739,3459,1790,0903673442
2909,1766,2910,1709,3132,1713,3131,1770,38456376
2805,1766,2805,1700,2898,1700,2898,1766,028
2702,1760,2702,1696,2768,1696,2768,1760,ĐT
2507,1686,2617,1686,2617,1753,2507,1753,HCM
2089,1732,2089,1659,2210,1659,2210,1732,241
1883,1721,1887,1653,1984,1658,1980,1727,P.10
1758,1718,1758,1638,1831,1638,1831,1718,SỸ
1639,1716,1639,1634,1742,1634,1742,1716,VĂN
1435,1705,1435,1634,1527,1634,1527,1705,216
1323,1700,1323,1627,1424,1627,1424,1700,ĐC:
1541,1625,1618,1625,1618,1709,1541,1709,LÊ
971,1677,971,1574,1143,1574,1143,1677,gian
778,1630,783,1553,951,1564,946,1641,thời
633,1627,633,1554,759,1554,759,1627,với
452,1612,453,1557,609,1561,608,1616,mài
240,1616,259,1517,436,1550,418,1649,Đẹp
1322,1347,1883,1324,1893,1582,1333,1605,ĐẠILÝ
754,1427,758,1352,1076,1367,1073,1441,PAINT
2776,1613,2790,1250,3448,1275,3434,1638,LÂN
326,1398,331,1324,714,1349,709,1423,KENNY
1976,1580,1987,1198,2690,1218,2679,1600,ĐỨC
2767,1117,2777,965,3358,1003,3348,1155,KENNY
2318,1104,2331,903,2721,928,2708,1129,SƠN
1863,1088,1863,887,2059,887,2059,1088,PHA
2065,880,2270,867,2284,1099,2080,1112,MÀU
1296,1029,1309,846,1627,868,1615,1051,TRUNG
1634,1072,1634,843,1854,843,1854,1072,TÂM