710,611,726,608,727,617,712,620,KE
735,605,754,600,756,608,737,613,PRO
707,594,752,582,755,596,710,607,RADE
409,303,450,298,452,312,410,317,parming
548,298,594,293,596,309,550,314,finance
456,298,492,293,494,304,458,309,chideme
597,308,597,292,610,292,610,308,&
612,293,670,286,672,299,613,306,investment
842,260,882,255,883,270,844,274,children's
883,257,911,255,911,267,884,269,novely
321,214,321,193,353,193,353,214,help
443,207,443,191,508,191,508,207,biography
550,190,586,189,587,199,551,201,CUSTURE
590,187,619,185,620,197,590,199,tian
631,184,663,181,665,196,632,199,politics
745,173,777,164,780,173,747,181,SUNGI
893,106,943,98,946,120,897,128,LEGO
286,95,286,75,351,75,351,95,SPEED
493,92,494,73,565,77,564,96,SAMERATIONS
233,53,233,39,287,40,287,54,NAVEL
491,56,491,36,533,36,533,56,REVEN