471,589,471,582,492,582,492,589,PHÁT
446,589,446,582,470,582,470,589,NHUẨN
425,590,425,582,443,582,443,590,MINH
32,588,32,581,73,582,73,589,wwwmir
304,589,304,580,329,580,329,589,090
263,589,263,580,301,580,301,589,Hotline:
329,580,387,580,387,588,329,588,2928118
223,353,224,337,325,339,325,356,BOUTIQUE
166,352,166,338,216,338,216,352,BLISS
314,278,314,266,342,266,342,278,1166
349,277,349,265,397,265,397,277,ĐƯỜNG
401,278,401,264,437,264,437,278,LÀNG
205,208,207,165,406,171,405,215,BOUTIQUE
98,126,228,125,228,159,99,160,BLISS