174,392,297,391,298,445,174,445,BAN
578,388,671,386,672,445,579,447,DỰ
932,384,1077,383,1078,444,932,446,ĐIỆN
313,386,479,383,479,441,314,444,QUẢN
492,444,493,383,568,384,567,445,LÝ
681,448,681,381,773,381,773,448,ÁN
783,380,921,378,921,440,783,442,LƯỚI
531,324,711,322,712,355,531,356,EVNNPC
591,185,591,151,673,151,673,185,ĐIỆN
315,150,415,150,415,188,315,189,TÓNG
533,152,581,151,582,184,534,185,TY
425,152,524,149,525,183,426,186,CÔNG
681,147,758,145,760,184,683,186,LỰC
768,184,768,144,862,144,862,184,MIẾN
865,143,946,138,948,181,868,186,BÁC