253,265,291,265,291,273,254,274,THAN
246,241,266,241,266,249,246,249,HCM
171,250,171,240,194,240,194,250,QUẬN
128,249,128,241,160,241,160,249,PHƯƠNG
62,250,62,240,81,240,81,250,69A
39,241,58,241,58,250,39,250,Đ/C:
288,241,336,241,336,248,288,248,0975455450
236,249,236,241,246,241,246,249,TP
212,241,232,240,232,249,212,250,BÌNH
194,250,194,240,210,240,210,250,TÂN
106,251,106,240,124,240,124,251,HÒA
80,250,80,240,104,240,104,250,CỘNG
161,250,162,240,171,241,170,251,4
273,249,273,239,286,239,286,249,ĐT:
138,231,138,207,224,207,224,231,LÙNG
285,233,285,207,310,207,310,233,6
237,204,277,204,277,234,237,234,LÔ
226,184,262,184,262,198,227,198,TRANG
215,185,225,185,226,198,216,199,&
183,201,183,182,214,182,214,201,DỰNG
305,199,305,181,333,181,333,199,THẤT
284,182,304,181,304,201,285,202,NỘI
263,199,263,182,283,182,283,199,TRÍ
134,200,135,181,159,181,158,201,LIỆU
159,198,160,180,182,181,182,199,XÂY
110,200,110,180,133,180,133,200,VẬT
144,173,144,158,233,158,232,173,TRUNG
244,155,301,155,301,175,244,175,TÂM
288,141,288,133,325,134,325,142,ITALIA
250,131,285,131,285,142,250,142,NGHỆ
207,140,207,129,245,130,245,141,CÔNG
179,141,180,127,203,128,202,141,LÁT
113,139,114,128,153,130,152,141,GẠCH
157,140,157,127,177,127,177,140,ỐP
52,133,53,128,74,129,74,134,THACH
300,129,300,122,322,123,322,130,1959
272,128,272,122,297,124,297,129,Since
252,120,252,100,319,100,319,120,BAN
116,115,117,96,240,100,239,118,THACH
166,85,166,73,216,75,216,87,LŨNG
109,83,109,74,159,74,159,83,TÔNG