158,585,158,573,189,573,189,585,Print
156,565,156,541,221,541,221,565,NAM
92,565,92,541,144,541,144,565,ĐAI
295,180,295,163,312,163,312,180,40
312,163,332,160,334,173,314,176,Phan
332,160,352,157,354,170,334,172,Dình
352,157,380,154,381,168,353,171,Phung
356,109,422,97,427,129,361,140,CAFÉ
432,96,456,94,458,124,434,126,&
648,106,762,88,764,102,650,119,Hotline:091359
766,87,798,82,800,98,769,103,922
436,70,471,63,473,72,438,79,CảPhê
468,92,676,53,680,76,473,115,RESTAURANT
472,63,508,54,510,63,474,72,Truyền
512,52,544,46,546,55,514,62,Thống
549,43,574,38,576,48,551,54,Việt
424,38,501,19,508,49,431,69,HạtA
507,12,581,0,589,30,514,46,Cafe
6,50,11,0,91,6,86,58,Bu