474,355,474,331,659,334,659,358,MinhTri.net
588,243,589,231,644,233,644,245,06503815169
568,243,568,229,586,229,586,243,FAX:
503,241,503,230,561,230,560,241,06503815168
487,228,501,227,501,242,488,243,ĐT:
402,240,402,225,429,225,429,240,DƯƠNG
382,239,382,223,401,224,401,240,BÌNH
344,240,344,222,362,222,362,240,MỘT
299,238,299,223,311,223,311,238,TP.
181,234,181,223,222,224,222,235,SINGAPORE
363,239,363,221,381,221,381,239,TỈNH
282,239,282,221,299,221,299,239,PHÚ
224,238,224,223,232,223,232,238,XI,
233,236,233,220,264,221,263,237,PHƯỜNG
327,238,327,220,344,220,344,238,DẦU
157,235,157,221,176,221,176,235,NAM
311,237,311,220,327,221,326,238,THỦ
265,236,265,220,281,220,281,236,HÒA
121,234,121,220,138,220,138,234,KCN
137,237,138,218,158,218,157,238,VIỆT
112,235,112,219,120,219,120,235,2,
72,216,99,216,99,233,72,233,ĐƯỜNG
99,232,101,216,112,217,111,233,SỐ
59,233,60,216,72,216,71,233,22
45,232,47,214,61,216,59,233,SỐ
177,199,177,191,194,191,194,199,com
130,197,130,189,174,190,174,198,imexpharm
104,197,104,190,127,190,127,197,www.
525,190,525,171,621,174,621,193,DƯƠNG
279,186,279,167,321,168,321,187,CHI
453,189,454,165,516,167,515,191,BÌNH
423,170,445,167,448,188,426,191,13
328,185,329,165,425,166,425,186,NHÁNH
148,169,149,158,174,158,173,170,ngày
175,170,175,157,190,157,190,170,từ
191,169,191,156,212,156,212,169,đầu
104,166,104,156,127,156,127,166,cam
127,167,128,154,147,155,146,168,kết
84,166,84,154,103,155,102,167,Sự
66,149,67,117,242,124,240,156,IMEXPHARM
287,149,288,99,622,104,621,154,MEXPHARM
487,87,487,55,546,56,546,87,DƯỢC
352,82,352,56,384,57,383,83,TY
550,82,550,53,619,53,619,83,PHẨM
421,81,422,53,482,54,482,82,PHẦN
290,79,291,52,348,53,348,80,CÔNG
386,83,386,49,419,49,419,83,CỔ
393,25,428,24,428,41,393,41,SWASS
420,15,420,2,481,2,481,15,IMEXPHA