3804,2204,4111,2193,4114,2264,3807,2275,ĐC:289
2523,2177,2524,2091,3500,2100,3499,2187,ĐT:0939999929
1192,2193,1194,2076,1791,2087,1789,2204,SYP1O
274,2082,617,2082,617,2182,274,2182,289A
857,2210,857,2045,1145,2045,1145,2210,VĂN
2148,2186,2150,2044,2452,2048,2450,2191,BÌNH
1858,2187,1858,2038,2121,2038,2121,2187,TÂN
656,2228,656,2032,839,2032,839,2228,LÊ
2,2041,2,1936,119,1936,119,2041,32
242,1865,242,1179,3504,1182,3504,1867,SUSHIHARU
964,800,2366,797,2366,932,965,934,QUATARNHAT
2438,790,2833,763,2846,943,2450,970,BAN