525,399,525,388,632,388,632,399,090.292.8118
584,386,584,377,608,377,608,386,PHAT
611,386,611,376,633,376,633,386,COM
550,385,550,377,580,377,580,385,NHUAN
524,386,524,376,547,376,547,386,MINH
567,349,605,347,605,369,567,370,T
362,299,362,287,374,287,374,299,-
445,308,446,278,568,285,566,315,0902787288
376,306,377,274,440,277,439,309,Hotline.
321,304,324,272,362,275,359,307,HCM
295,308,297,272,324,273,322,310,Tp.
259,299,259,271,289,271,289,299,Bình
233,297,233,270,258,270,258,297,Tân
218,295,218,271,232,271,232,295,Q.
182,293,183,269,212,270,211,294,P.12
156,293,156,268,179,268,179,293,Hoa
107,288,109,263,160,267,157,293,196/5Công
64,285,65,262,108,265,107,287,Sheatoum
205,176,293,173,295,240,207,243,GIA
136,172,196,172,197,250,137,250,ĐỆ
302,156,487,146,492,238,307,248,PHÁT
108,135,151,131,153,160,111,164,CÔNG
155,157,155,131,175,131,175,157,17
177,156,177,127,203,127,203,156,CƠ
201,122,252,116,256,148,206,155,PHẦN
257,113,320,106,324,140,261,147,NHÔN
323,103,380,96,384,133,328,140,KÍNH
385,101,404,99,407,132,387,133,&
410,91,479,81,484,120,415,130,KÍNH
489,82,557,75,561,113,493,121,SƠN
432,18,432,8,606,8,606,18,minhhuanphet@gmail.com
47,15,47,7,206,8,206,16,www.minhnhuanphat.com