117,685,201,684,201,701,117,701,Hotline
273,701,273,682,329,682,329,701,2468
338,703,338,681,386,681,386,703,882
216,703,216,681,264,681,264,703,096
407,705,407,678,456,678,456,705,024
551,704,551,675,600,676,599,705,665
460,705,460,675,509,675,509,705,665
513,705,513,675,547,675,547,705,29
47,666,76,666,76,682,47,682,Tel:
79,667,164,664,164,678,79,681,08.35101967
224,666,298,666,298,677,224,677,0982.9898
169,666,218,666,218,678,169,678,Mobile
388,666,420,666,420,676,388,676,.com
325,677,325,664,388,664,388,677,huemoon
298,679,298,663,321,663,321,679,82
93,661,93,644,145,644,145,661,Rguyễn
57,662,57,644,90,644,90,662,6/14
147,643,177,643,177,662,147,662,Thuy
179,661,179,642,224,642,224,661,Tường
307,658,307,642,351,642,351,658,Thạnh
257,641,301,641,301,660,257,660,Q.Bình
229,642,253,642,253,658,229,658,P6.
358,641,410,640,411,657,358,658,Tp.Tịcm
336,619,337,590,419,595,417,624,Moon
251,586,326,584,327,623,252,625,Huế
52,630,52,573,155,573,155,630,Giữ
170,629,172,573,245,576,243,632,Xe
139,556,139,533,204,533,204,556,trưa
211,557,211,531,269,531,269,557,văn
278,528,373,528,373,561,278,561,phòng
63,556,64,528,132,531,130,560,Cơm
140,511,140,484,181,484,181,511,và
61,516,62,480,134,481,134,517,Cafe
342,511,343,480,413,482,413,512,sáng
272,507,272,482,334,482,334,507,tâm
190,509,190,478,265,478,265,509,điểm
37,467,37,426,155,426,155,467,Chuyên
165,461,165,426,220,426,220,461,các
228,425,296,423,297,459,229,461,món
305,462,305,423,348,423,348,462,ăn
355,459,355,418,424,418,424,459,Huế
234,389,369,388,369,406,234,407,RESTAURANT
144,385,204,384,205,409,144,410,CAFÉ
208,410,208,385,228,385,228,410,&
509,368,509,349,545,349,545,368,hom
433,350,511,349,511,369,434,370,Thanh.Tp
261,373,264,325,398,333,395,381,Moon
122,381,122,315,246,315,246,381,Huế
435,334,436,297,555,299,555,336,URANT
398,278,407,210,572,233,562,301,Moon
4,166,5,134,94,137,92,169,Cafe
159,238,160,72,508,73,507,240,Huệ
99,48,100,39,128,40,127,49,Printing
50,48,50,38,92,39,92,49,Advertising
49,38,50,0,128,1,127,39,TLP