842,664,843,649,872,650,872,666,857
876,665,876,648,904,648,904,665,199
804,663,804,648,842,648,842,663,0935
770,669,773,640,795,642,792,671,B
943,628,974,628,974,643,943,643,NET
805,629,939,628,939,641,805,642,BANGHIEUDANANG
636,412,703,412,703,429,636,429,TPHCM
306,427,306,413,362,413,362,427,79/2/5
444,430,444,411,491,411,491,430,Binh,
362,427,362,412,408,413,408,428,Phan
602,432,602,409,635,409,635,432,Q.1
554,431,555,408,598,409,598,432,Kao,
497,429,497,409,553,409,553,429,Ph.Đa
413,430,413,407,442,407,442,430,Kế
337,359,418,356,419,369,337,372,restaurant
456,370,457,355,513,357,512,373,lounge
419,355,455,354,456,369,420,371,café
344,277,654,276,654,360,344,361,deciBel