351,513,351,490,386,490,386,513,136
17,502,17,489,36,489,36,502,VU
13,481,14,468,44,469,43,482,DICH
14,461,15,446,44,447,43,462,CÁC
354,459,354,437,383,437,383,459,IAN
18,441,18,426,44,426,44,441,CHO
349,386,379,384,381,414,351,416,THỜI
27,371,27,350,47,350,47,371,SÓC
353,370,353,340,376,340,376,370,VỚI
1,335,12,335,12,362,1,362,ÊN
23,338,25,317,50,319,48,340,KHẢI
29,313,30,304,44,306,42,315,Dip
350,325,350,297,377,297,377,325,MÃI
0,278,15,278,15,295,0,295,ỐC
348,286,348,256,377,256,377,286,ĐẸP
0,274,0,259,10,259,10,274,À
82,232,138,232,138,256,82,257,NHẬN
206,253,206,232,235,232,235,253,AO
143,231,187,230,188,254,143,255,ĐÀO
239,232,281,230,282,253,240,255,HỌC
0,243,0,234,9,234,9,243,NH
286,228,332,226,333,248,287,250,VIÊN
12,201,32,200,32,212,13,213,ĐC
36,200,57,199,58,213,37,214,136
88,212,88,198,104,198,104,212,HẠ
58,198,85,196,86,212,60,214,PHỐ
107,197,137,196,137,211,107,212,ĐÌNH
264,208,264,195,286,195,286,208,ĐT:
289,196,369,192,369,203,289,207,0165.969.5882
84,191,84,171,119,171,119,191,TẠO
42,189,42,167,80,167,80,189,NHÀ
166,186,166,165,202,165,202,186,TÓC
206,166,276,165,277,184,206,185,CHUYÊN
122,188,122,163,164,164,163,188,MẪU
282,164,347,163,348,184,282,185,NGHIỆP
14,101,130,99,131,154,15,156,THIÊN
140,150,140,98,277,98,277,150,ĐƯỜNG
287,148,287,91,370,91,370,148,TÓC
34,49,179,46,180,83,35,86,Thanh
196,42,346,39,347,80,197,84,Thanh
8,22,51,21,51,36,8,36,Hair
58,21,107,19,108,33,59,35,Salon
137,35,137,17,171,17,171,35,Spa