87,358,118,355,120,373,89,376,Tel:
124,353,158,350,159,370,125,372,097
162,349,197,345,199,363,164,368,668
201,345,247,339,249,357,203,362,6262
264,338,308,332,310,349,266,355,0986
314,332,347,329,348,345,316,348,143
53,331,104,326,106,342,54,347,Email
352,326,387,322,389,340,354,344,684
119,324,287,303,289,319,121,340,quangcaotienthanh
289,303,411,287,413,303,291,320,tt@gmail.com
0,150,0,142,10,142,10,150,vn
388,146,388,138,464,142,463,150,thietkenhodepanh.com
368,146,368,140,388,140,388,146,www.
349,138,366,138,366,146,349,146,WEB
296,144,296,136,344,138,344,146,0978825875
256,143,256,135,294,136,294,144,HOTLINE
190,141,190,133,258,135,257,144,DT:0386266266
162,140,162,131,184,132,183,141,VINH
150,140,150,130,162,130,162,140,TP.
130,140,130,128,148,128,148,140,TẬP
112,138,112,129,130,129,130,138,HUY
89,138,89,128,100,128,100,138,68
74,138,74,128,88,128,88,138,ĐC:
100,138,100,128,112,128,112,138,HÀ
157,106,157,100,170,100,170,106,AM
144,106,144,98,156,98,156,106,TƠ
126,104,127,97,143,98,143,105,XÃY
108,104,108,98,125,98,125,104,BẠN
85,102,85,96,107,97,106,103,CÔNG
94,90,95,78,164,84,163,96,Nhàdep
317,106,319,64,418,69,416,111,ĐẸP
192,100,192,56,305,56,305,100,NHÀ
0,84,2,62,24,64,22,86,TRÌ
406,51,406,32,448,33,448,52,DỰNG
371,47,372,27,404,29,403,49,XÂY
348,47,349,29,370,30,369,48,TƯ
316,45,317,25,347,26,346,46,ĐẦU
296,45,296,26,314,26,314,45,VÀ
270,43,271,23,295,25,294,45,KẾ
221,41,222,22,269,24,268,43,THIẾT
120,36,121,23,160,24,160,37,TYCP
164,22,185,22,185,38,164,38,TƯ
188,40,188,21,217,22,217,41,VẤN
75,33,77,18,116,21,115,36,CÔNG