486,318,503,311,508,324,492,331,XÃI
485,295,513,291,516,310,488,314,GIÀY
484,291,485,279,513,281,512,292,FanPage
133,292,133,272,149,272,149,292,AN
128,270,128,249,152,249,152,270,NHẬT
465,236,487,231,490,245,468,250,DIA
212,185,212,175,242,175,242,185,CHÍNH
324,175,396,174,396,183,324,184,ĐT.086683977
280,185,280,174,316,174,316,185,P.7.Q.3
425,182,425,174,441,174,441,182,212
405,174,426,174,426,183,405,183,0988
245,173,279,173,279,184,245,184,THẮNG
442,174,458,174,458,182,442,182,633
196,174,210,173,211,185,197,186,LÝ
161,188,161,169,193,169,193,188,158
385,99,449,98,450,143,386,144,CAO
164,144,164,89,243,89,243,144,GIÀY
321,91,378,90,379,144,322,145,GIÁ
248,143,248,85,316,85,316,143,XẤU
273,11,332,10,333,68,274,69,CX