634,604,642,591,682,617,673,630,MING
635,571,643,558,706,597,698,610,MailsTatherMain
571,551,585,524,635,549,620,577,TheChiseTual
635,532,642,520,681,543,674,556,BoieTran
636,519,643,506,707,542,700,555,SellCallayMand
636,470,641,460,680,479,675,489,BoatPasAS
637,456,643,443,707,473,701,486,FroofCatherMars
467,457,478,439,520,465,509,483,-
571,428,580,406,615,420,606,442,STUDENT
367,413,381,383,445,413,431,443,Chillous
465,382,475,359,525,380,516,403,Brend&
363,368,370,332,425,343,418,379,HOUND
854,309,857,273,995,282,992,318,OFFICE