469,1789,572,1789,572,1824,469,1824,TƯƠI
374,1824,374,1779,458,1779,458,1824,SỮA
376,1750,380,1648,581,1656,576,1758,MÁ
448,1644,452,1604,516,1609,513,1650,SỮA
374,1643,374,1600,449,1600,449,1643,TRẢ
947,1495,950,1456,1010,1461,1007,1500,52
884,826,884,770,1060,770,1060,826,HOA
763,826,763,764,866,764,866,826,52
2278,758,2479,756,2480,837,2279,840,PHÚ
2061,836,2065,751,2248,760,2244,845,TÂN
1836,836,1836,757,1993,757,1993,836,NHÌ
1627,827,1630,756,1819,762,1816,833,SƠN
1417,832,1417,753,1604,753,1604,832,TÂN
1086,828,1087,744,1343,747,1342,831,BẰNG
627,342,2082,336,2084,687,629,693,Khánh
2244,747,2286,229,2975,284,2933,803,Vy
58,286,58,264,178,264,178,286,advertise
763,207,836,207,836,237,763,237,00
829,235,832,202,908,207,905,240,28
578,245,578,202,768,202,768,245,093579
392,245,393,201,556,206,555,250,Hotline:
883,282,890,160,1076,170,1069,292,ưa
400,175,400,136,968,140,968,178,Quangcaodaiphathom.com
654,105,654,50,858,50,858,105,ĐAIPHÁT
394,110,394,49,544,49,544,110,QUẢNG
553,101,553,47,645,47,645,101,CÁO
191,28,191,2,316,2,316,28,advertise