552,373,553,329,589,330,588,374,mọi
589,367,591,326,628,328,625,369,nhà
466,373,468,325,515,327,513,375,phúc
516,366,516,327,550,327,550,366,của
418,372,418,324,466,324,466,372,hạnh
338,369,342,320,397,326,393,374,thông
296,370,298,321,341,323,338,373,giao
252,361,253,321,296,322,295,362,toàn
397,363,397,323,416,323,416,363,là
224,357,225,319,250,319,249,357,An
737,296,739,273,770,276,768,299,dụng
720,294,720,274,736,274,736,294,sử
682,294,685,270,721,274,718,298,không
328,305,330,264,382,266,380,307,mạng
663,291,663,270,682,270,682,291,khi
385,299,385,266,419,266,419,299,con
498,301,498,263,536,263,536,301,trên
421,311,421,259,476,259,476,311,người
537,303,537,260,570,260,570,303,hết
477,299,477,260,495,260,495,299,là
284,296,284,254,327,254,327,296,Tính
730,266,732,244,757,246,756,268,điện
716,267,716,244,730,244,730,267,bị
686,264,686,241,714,241,714,264,thiết
663,262,663,240,685,240,685,262,Tất
39,255,39,240,56,240,56,255,Lo
7,255,7,239,39,239,39,255,Vĩnh
1,228,1,207,56,207,56,228,mban
183,216,183,206,202,206,202,216,LONG
169,215,169,205,183,205,183,215,VĨNH
152,214,153,204,168,205,167,215,TỈNH
131,215,131,203,152,203,152,215,THÔNG
113,214,114,202,131,203,130,215,GIAO
96,212,96,202,113,203,112,213,TOÀN
85,213,85,202,96,202,96,213,AN
70,213,70,200,87,200,87,213,BAN
649,203,649,196,665,196,665,203,EVN
595,236,595,189,630,189,630,236,VUI
154,202,154,192,180,192,180,202,THÔNG
130,202,130,191,151,191,151,202,GIAO
106,201,106,190,129,191,129,202,TOÀN
93,200,93,190,105,190,105,200,AN
491,241,493,179,539,180,537,242,MỘT
377,228,378,175,459,177,458,230,TRƯỜNG
539,234,540,174,593,175,591,235,NIỀM
462,230,462,178,488,178,488,230,LÀ
273,225,275,170,332,173,330,227,NGÀY
332,226,334,168,376,170,374,228,ĐẾN
227,225,227,161,271,161,271,225,MỖI
6,162,6,136,38,136,38,162,Thương
38,159,38,136,53,136,53,159,Việt
51,119,51,107,70,107,70,119,LONG
18,118,18,108,33,108,33,118,TỈNH
0,119,0,107,17,107,17,119,HONG
33,118,33,107,51,107,51,118,VĨNH
17,105,17,96,47,96,47,105,THÔNG
0,105,0,96,15,96,15,105,IAO