555,354,555,334,566,334,566,354,Tô
150,329,162,323,165,330,153,335,vn
554,332,554,312,568,312,568,332,Dĩa
555,310,555,295,570,295,570,310,ien
558,259,560,243,578,244,576,261,Cơm
557,237,557,214,576,214,576,237,ông
560,214,560,187,578,187,578,214,Áốp
590,182,590,174,600,174,600,182,T
563,172,563,161,596,161,596,172,JYÊN
261,159,261,147,284,147,284,159,Trấn
242,161,242,147,262,147,262,161,174
284,159,284,146,306,146,306,159,Mai
305,159,305,145,332,145,332,159,Ninh,
333,145,372,145,372,158,333,158,Phường
390,157,390,144,418,144,418,157,Quận
371,158,371,144,390,144,390,158,12,
573,142,600,142,600,159,573,159,Cửa
419,143,439,143,439,154,419,154,Tân
442,142,469,141,469,153,442,154,Bình,
473,141,514,139,515,150,473,152,TP.HCM
171,71,441,55,445,117,174,133,VinMartt