390,484,390,466,422,466,422,484,DIESEL
76,469,76,453,104,453,104,469,PHỤKIỆN
391,457,391,439,417,439,417,457,ONLY
79,447,79,431,96,431,96,447,KÍNH-
96,447,96,431,106,431,106,447,TÚI
389,431,389,413,415,413,415,431,GINA
91,425,91,410,109,410,109,425,PHẨM
81,425,82,411,91,411,90,426,MỸ
384,391,416,391,417,406,385,407,JACK8JONES
98,406,98,391,111,391,111,406,DÉP
83,405,84,388,98,390,97,407,GIẤY
297,380,313,379,314,391,298,392,HÀNG
312,379,324,377,325,390,314,392,MỞI
323,378,331,377,334,390,325,391,VỀ
388,385,388,369,409,369,409,385,H&M
102,383,103,370,111,371,111,384,ẢO
85,385,85,368,102,368,102,385,QUẤN
87,362,87,350,112,350,112,362,DPDATED
381,361,381,345,401,345,401,361,SEPPA
401,345,411,345,411,360,401,360,LA
402,215,402,206,491,206,491,216,0933.240684
373,217,373,199,400,199,400,217,Tel:
87,216,88,198,121,200,120,218,Hàng
60,198,84,198,84,214,60,214,185
26,213,26,198,56,198,56,213,Add
124,216,124,196,159,196,159,216,Kênh
430,166,431,145,478,148,476,169,Euro
371,177,376,139,425,145,421,183,tay
301,168,301,139,373,139,373,168,Xách
234,170,239,135,298,142,294,178,hiệu
186,167,188,132,232,135,229,170,Đề
235,126,236,58,397,60,396,128,ưng
56,47,57,23,184,28,183,53,Shop