455,393,563,392,563,414,455,414,malase
408,402,415,378,449,389,441,413,ỊU
534,372,542,366,551,378,543,384,TH
345,389,351,360,407,371,401,400,bịa
477,281,478,248,584,250,583,283,Saving
367,284,367,248,465,248,465,284,Space
280,248,358,245,359,280,282,283,with
128,282,128,241,274,241,274,282,Washing
2,243,120,240,121,275,3,278,Superior
620,215,707,214,707,231,621,233,INSIDE
641,188,688,188,688,214,641,214,BIG
314,189,373,162,394,209,336,236,Big
385,158,422,143,438,183,402,198,in
442,140,579,132,581,176,445,184,System