3378,2235,3379,2169,3681,2173,3680,2238,8452778
3214,2242,3214,2162,3351,2162,3351,2242,083
3070,2237,3070,2159,3182,2159,3182,2237,ĐT
2635,2146,2832,2146,2832,2230,2635,2230,MINH
2245,2228,2245,2146,2345,2146,2345,2228,TP.
2485,2233,2485,2125,2617,2125,2617,2233,CHÍ
2021,2125,2199,2125,2199,2226,2021,2226,BÌNH
1577,2239,1577,2116,1810,2116,1810,2239,QUẬN
1825,2218,1830,2119,2001,2127,1996,2226,TÂN
1490,2219,1490,2132,1538,2132,1538,2219,1
1142,2211,1145,2109,1466,2119,1463,2220,PHƯỜNG
455,2207,455,2118,635,2118,635,2207,269
2352,2235,2352,2111,2471,2111,2471,2235,HỒ
309,2205,309,2116,448,2116,448,2205,ĐC
789,2219,789,2098,978,2098,978,2219,VĂN
990,2103,1094,2099,1098,2217,994,2220,SĨ
649,2219,649,2095,777,2095,777,2219,LÊ
3297,2102,3302,1956,3498,1962,3494,2108,CAO
2738,2090,2742,1943,3068,1953,3064,2099,TRANG
3522,2111,3522,1917,3726,1917,3726,2111,CẤP
3102,2102,3102,1922,3273,1922,3273,2102,TRÍ
1986,1930,2095,1926,2103,2115,1995,2119,BỊ
1157,2070,1157,1915,1536,1915,1536,2070,DOANH
2128,2111,2128,1906,2400,1906,2400,2111,ĐIỆN
2490,2092,2496,1900,2722,1907,2716,2100,ĐÈN
855,2069,858,1899,1127,1904,1123,2074,KINH
349,1891,820,1887,821,2057,350,2061,CHUYÊN
1632,2084,1632,1881,1959,1881,1959,2084,THIẾT
3346,1825,3347,1788,3729,1796,3728,1833,www.toman.vn
3465,1577,3465,1494,3602,1494,3602,1577,nghi
3330,1565,3330,1490,3445,1490,3445,1565,tiện
3120,1561,3120,1483,3310,1483,3310,1561,nguồn
2942,1541,2945,1463,3097,1469,3094,1547,Khởi
1801,1801,1801,1314,2384,1314,2384,1801,LAN
414,1827,437,1180,1645,1224,1622,1871,NGUYỆT
2950,1424,2954,1308,3718,1335,3713,1452,ROMAN
2662,1341,2774,1279,2847,1409,2735,1471,S
1391,1145,1401,954,1929,981,1919,1172,HÀNG
897,1130,908,908,1334,930,1322,1152,CỬA