452,482,513,481,513,490,452,490,N.C.Morwetten
825,436,825,418,852,418,852,436,the
800,435,800,419,823,419,823,435,On
395,416,495,415,495,439,396,441,INDOOR
885,418,911,418,911,434,885,434,ina
856,434,856,418,885,418,885,434,Mar
322,416,386,414,387,442,323,444,FREE
505,414,616,412,616,436,505,439,PARKING
772,399,839,398,839,411,772,412,HOTEL&
843,398,909,397,909,409,843,410,CASINO
674,355,906,344,909,406,677,418,CASTLE
670,327,742,325,742,340,670,342,TRUMP'S
314,291,410,236,437,283,340,337,Ride
424,236,502,207,520,253,442,283,the
522,244,523,190,755,191,755,245,Rainbow