69,365,95,365,95,374,69,374,NHIÊN
50,373,50,364,68,364,68,373,THÁI
25,288,25,269,64,269,64,288,218B
67,267,107,267,107,289,67,289,HẬU
111,267,169,266,169,283,112,285,GIANG
175,285,175,263,206,263,206,285,P.9,
208,263,239,263,239,283,208,283,Q.6
429,261,478,261,478,275,429,275,05782
394,262,434,261,434,276,395,276,3960
353,263,361,263,361,278,353,278,:
329,261,355,260,355,278,329,279,ĐT
362,261,385,260,385,277,363,278,08
345,232,429,231,429,248,346,249,LAPTOP
224,229,272,227,273,252,225,254,MÁY
279,251,279,227,335,227,335,251,TÍNH
55,241,56,215,153,217,153,243,Chuyên
236,205,289,204,289,222,236,224,LINH
183,226,183,199,231,199,231,226,BÁN
295,200,351,198,352,224,296,226,KIỆN
357,199,403,198,403,224,358,224,PHỤ
407,197,464,194,465,220,408,223,KIỆN
83,148,253,146,254,194,84,196,QUANG
492,160,492,150,510,150,510,160,TH
465,148,482,146,484,162,468,164,Ấp
271,137,405,131,408,184,273,190,CHÀU
102,109,162,108,162,137,102,139,CỬA
171,108,248,106,249,132,171,134,HÀNG
257,109,307,107,309,130,258,132,TIN
314,106,381,105,381,130,314,131,HỌC
456,94,467,94,467,103,456,103,IG
468,102,468,93,482,93,482,102,TY
483,101,483,93,508,93,508,101,TNHH