139,321,142,280,332,294,329,335,TAAN
301,268,301,257,327,257,327,268,mitv
330,254,331,244,350,245,349,255,LAN
307,252,308,241,330,243,329,254,THÁI
288,252,288,241,306,241,306,252,CHÈ
149,148,171,148,172,154,149,155,-
270,148,270,144,282,144,282,148,KHOẠI
267,140,279,140,279,143,267,143,CHO
98,126,161,125,161,137,98,138,NAMTRAN
266,124,293,123,293,132,266,132,VÌNG
258,71,270,70,271,77,258,78,HÀN
271,71,292,69,293,75,272,76,THUYỀN
245,70,257,68,258,78,246,79,30
294,69,298,69,298,75,294,75,/
298,69,311,68,311,74,298,75,0123
311,69,334,67,335,72,311,74,5919000-
334,66,348,65,349,72,334,72,0942
360,64,370,64,370,70,360,70,899
70,65,88,62,89,69,71,72,Mar
93,62,107,60,108,67,93,69,GM
33,55,55,53,56,65,35,67,SIÊU
56,54,73,51,74,64,57,66,THỊ
260,59,260,52,269,52,269,59,GO
74,51,91,49,93,60,75,63,GIA
269,51,284,50,285,57,269,58,SỚT:
283,57,283,50,293,50,293,57,30
293,49,306,48,307,56,293,57,HẢN
308,48,331,46,331,53,308,55,THUYỀN
94,48,120,44,122,56,95,60,ĐÌNH
377,41,458,34,460,55,379,63,anlnu
257,22,312,14,317,43,262,51,CHÈ
316,14,386,7,389,37,319,44,THÁI
393,13,457,4,460,28,396,37,LAN