549,743,607,709,617,726,558,759,en.vn
445,576,524,530,532,545,454,591,mbenh
743,581,900,492,910,510,753,599,FimbenhviedEs
578,497,607,483,617,502,588,516,vn
733,471,733,447,758,447,758,471,SỨC
713,472,713,448,733,448,733,472,"Vì
829,446,854,446,854,469,829,469,ĐẸP
757,445,790,443,792,468,759,470,KHỎE
791,445,808,443,810,467,794,469,VÀ
882,444,909,442,910,465,884,467,BẠN
649,445,665,444,666,453,650,455,PRENG
681,452,681,444,697,444,697,452,ĐÔNGT
667,453,667,444,680,444,680,453,VĂM
854,441,880,438,883,462,857,465,CỦA
809,443,826,441,828,466,811,468,VẺ
908,461,908,437,933,437,933,461,HÃY
958,460,958,435,982,435,982,460,TAY
933,435,958,433,960,459,935,461,RỬA
654,421,654,409,672,409,672,421,NGỌC
642,422,642,410,653,410,653,422,BS
761,423,761,408,812,408,812,423,Hayonhmai.det
673,420,673,409,688,409,688,420,GẤM
430,356,474,335,482,350,438,371,Tim
304,332,304,320,322,320,322,332,ĐC:
347,331,347,319,374,319,374,331,Phạm
324,331,324,319,345,319,345,331,85/8
399,328,399,317,429,317,429,328,Chánh
376,318,396,316,397,329,377,330,Viết
434,327,434,316,457,316,457,327,P.19
471,324,471,316,493,316,493,324,.Bình
463,325,463,316,473,316,473,325,Q.
498,315,524,313,525,325,498,327,Thạnh
538,324,538,311,555,311,555,324,ĐT:
559,312,601,311,602,320,559,321,38401859
304,281,377,280,378,314,304,315,TRẠM
383,308,383,278,403,278,403,308,Y
450,270,557,267,558,302,451,305,PHƯỜNG
565,270,601,268,603,300,566,301,19
405,266,446,265,448,307,407,309,TẾ
305,256,345,255,345,266,305,267,TRUNG
350,252,377,252,377,266,350,266,TÂM
413,265,413,252,432,252,432,265,DỰ
380,253,390,252,392,264,382,266,Y
437,261,437,250,478,250,478,261,PHÒNG
393,265,393,250,412,250,412,265,TẾ
484,249,517,248,517,260,484,261,QUẬN
557,248,597,247,597,258,557,259,THẠNH
521,247,551,245,552,259,522,260,BÌNH