71,454,132,454,132,465,71,465,Dịcsincingmintifac
471,436,473,427,491,430,490,440,Dùng
72,437,72,425,111,425,111,437,Carifiongal
446,433,447,426,472,428,471,435,Soballas
447,419,448,411,463,413,462,421,Tông
465,420,465,411,497,412,496,421,SALE
74,410,74,398,107,398,107,410,Thankmai
457,389,457,380,485,380,485,389,Decount
486,390,486,375,511,375,511,390,502
76,382,77,371,108,372,107,383,Relace
455,365,488,363,489,370,455,373,SCOMPORE
119,347,140,347,140,353,119,353,bresen
76,330,141,329,141,339,76,340,TRANGTRA/THƯCTÂNG
508,231,575,223,577,234,509,241,HOAMBONY
75,123,75,114,186,114,186,124,thucphamthocvang.com.vn
439,116,439,109,497,109,497,117,ThashXudin,HỐMỊN
420,110,438,109,438,117,420,118,Trạch
362,109,422,108,422,117,362,118,AdS130DiXioing
164,109,165,98,197,98,196,110,antorn
116,110,116,98,139,98,139,110,Thực
140,110,140,97,164,97,164,110,phẩm
76,110,76,97,118,97,118,110,ThốcVăng
385,98,442,98,442,105,385,105,0068820208/04
362,105,362,98,385,98,385,105,NCEN
442,104,442,97,475,97,475,104,35583007
58,110,58,96,72,96,72,110,n
347,96,360,96,360,107,347,107,-
184,86,186,33,363,40,361,92,Thocvang
254,32,326,25,328,48,257,55,KHAT
63,33,63,11,108,11,108,33,Thực
110,10,161,8,162,29,111,32,phẩm
165,9,208,8,209,28,166,29,sạch