74,667,129,659,135,704,80,712,ĐT:
141,664,300,642,305,677,146,699,050.825185
336,634,390,628,394,662,341,669,FAX:
397,628,472,620,475,648,401,656,050.825
468,621,502,614,508,643,474,650,184
52,604,112,599,116,646,56,652,567
119,643,119,592,154,592,154,643,LÊ
156,584,240,577,245,632,161,639,DUẨN
320,584,350,582,353,618,323,621,TP.
415,576,449,573,452,609,418,612,MA
354,576,415,571,418,611,357,616,BUÔN
449,611,449,564,507,564,507,611,THUỘT
39,519,314,514,315,552,40,557,TAYNGUYÊN
338,512,512,509,512,543,339,546,UNIVERSITY
412,491,412,382,516,382,516,491,NGUYÊN
281,382,347,381,350,504,283,506,HỌC
210,504,211,375,273,376,271,504,ĐẠI
357,485,357,373,410,373,410,485,TÂY
695,376,695,365,718,365,718,376,BAOVE
20,485,21,328,207,329,205,486,TRƯỜNG
437,334,444,303,508,316,501,348,TRAINING
401,330,407,293,443,299,437,336,AND
309,309,316,276,405,295,398,327,EDUCATION
283,308,285,268,310,269,308,310,OF
461,306,461,252,505,252,505,306,TẠO
182,284,190,247,283,266,276,303,MINISTRY
395,276,408,227,467,242,454,291,ĐÀO
384,233,401,233,401,277,384,277,&
90,248,130,229,135,241,95,260,UNIVERSITY
312,266,324,211,386,224,374,280,DỤC
42,223,50,213,93,247,85,257,LAY.NGUYÊN
233,240,245,182,325,198,313,256,GIÁO
80,198,83,187,140,201,137,212,TAYNGUYEN
57,192,59,182,81,186,79,197,HỌC
38,188,41,177,59,182,56,193,ĐẠI
180,242,184,166,237,168,234,244,BỘ