212,315,260,311,261,324,214,328,Suntec
264,310,304,308,305,321,265,323,Office
307,321,307,307,324,307,324,321,To
93,311,172,300,176,323,97,335,SALESALESALE
228,287,274,285,275,298,228,299,Money
280,284,318,282,319,295,280,297,Chan
91,277,136,272,138,286,93,291,Fonng
1037,296,1045,261,1083,270,1075,304,S30
218,271,276,268,277,279,218,282,Fountain
300,279,300,265,328,265,328,279,Wea
281,281,281,265,299,265,299,281,of
91,252,129,249,130,263,93,267,msiD
403,261,406,246,431,252,428,266,100
222,246,260,244,261,257,222,259,Giant
265,245,339,243,339,254,265,256,Hyperfresh
86,233,121,232,122,249,87,251,607
231,241,231,228,265,228,265,241,Food
270,227,331,225,332,238,271,240,Republic
91,224,91,208,127,208,127,224,bito
392,216,396,206,433,221,429,230,Langakap
222,218,222,204,251,204,251,218,and
256,205,335,203,336,213,256,216,Restaurants
90,192,134,189,135,206,91,208,moM
214,201,214,187,250,187,250,201,More
254,187,299,185,299,201,255,202,Shops
305,198,305,185,343,185,343,198,Cafes
991,185,1033,180,1036,210,995,215,NOW
988,153,1027,149,1031,184,991,188,NEW
762,99,834,60,850,91,778,130,COTTON
840,41,879,38,884,87,844,90,ON
14,16,26,0,151,51,139,76,romod