415,582,415,570,612,570,612,583,quangcaodachieu.com
631,584,631,568,831,568,831,584,dachieuads@gmail.com
275,378,275,370,285,370,285,378,ÔN
256,376,257,369,275,370,274,378,MÀID
768,380,769,361,791,362,790,381,37
771,360,771,350,790,350,790,360,GAO
275,355,277,349,299,355,297,361,SCORIA
262,333,265,324,288,331,286,339,Minh
229,325,232,316,258,323,255,332,TNNEL
261,255,261,244,274,244,274,255,37
275,255,275,242,293,242,293,255,TÔN
294,255,294,241,314,241,314,255,ĐỨC
316,240,346,239,346,253,317,254,THẮNG
330,232,330,211,366,211,366,232,TEA
368,210,387,210,387,232,368,232,&
389,207,450,206,450,228,390,230,CAFE
258,151,399,141,403,199,263,209,CHA
405,135,516,133,517,197,407,199,GO