140,356,140,346,157,346,157,356,thám
126,358,126,346,140,346,140,358,Sốc
30,256,68,254,68,262,31,264,26113ỐCheĐìn
68,254,89,252,90,261,69,263,Đóngđư
88,252,100,251,101,259,89,260,-AN
203,243,230,242,231,248,203,250,Fresh
232,248,232,239,241,239,241,248,8
240,240,265,238,266,244,241,247,pure
201,234,217,233,217,240,202,241,SEM
223,232,239,231,240,239,223,240,AN
294,233,318,230,319,238,295,241,Hotline:
243,229,268,227,268,235,244,237,BES
319,230,368,224,369,232,320,238,04.66832255
314,221,340,218,340,226,315,229,FEEl
338,218,353,217,353,226,339,227,LS
355,224,355,216,371,216,371,224,SO
314,212,337,209,338,217,315,220,keep
339,209,364,207,365,215,340,217,going
256,213,256,207,272,207,272,213,vho
270,206,295,201,297,210,271,215,S.got
297,201,315,200,315,209,297,209,the
316,200,351,195,352,203,317,208,pewer?
303,171,376,162,378,182,305,191,HNaL
421,157,455,154,459,194,425,197,P
343,155,365,153,365,160,343,162,000
42,151,302,117,312,200,53,234,Chachago
476,140,642,110,652,169,487,199,food
0,89,27,84,30,102,2,106,om
136,7,167,0,170,11,140,20,TRA
176,8,176,1,188,1,188,8,U