659,450,659,433,680,433,680,450,CH
533,449,534,430,573,431,572,450,công
425,447,425,431,467,431,467,447,Thiết
631,450,631,430,661,430,661,450,cáo
578,451,578,430,627,430,627,451,quảng
507,430,530,430,530,448,507,448,thi
470,448,470,430,493,430,493,448,kế
607,404,660,404,660,422,607,422,NAM
426,421,427,404,536,405,536,422,SBGROUP
546,427,546,400,600,400,600,427,VIỆT
281,355,283,319,420,327,418,363,foodly.un
538,311,540,300,670,322,668,333,GP1391/GCNĐĐKKDT
296,314,299,295,329,300,326,319,Q.4
235,291,243,291,243,299,235,299,-
243,304,246,286,285,294,282,312,P.12
183,296,187,271,235,278,230,304,ĐỒN
135,286,138,265,182,273,178,294,VÂN
369,283,373,264,434,276,430,295,CƯỜNG
315,274,318,254,368,262,365,282,XUÂN
80,278,85,253,133,261,129,287,BẾN
49,274,52,254,80,258,77,278,68
255,264,259,245,313,257,309,275,PHẠM
216,257,218,237,251,241,249,261,DS.
474,270,483,216,679,251,670,305,THANH
97,224,101,209,146,222,141,238,THANH
559,215,562,198,599,204,596,222,GPP
149,223,197,190,209,207,161,240,PHARMAC
486,198,492,174,559,187,554,212,CHUẨN
438,190,443,168,486,177,481,200,ĐẠT
51,171,64,162,94,205,82,214,HOANG
214,215,229,141,471,190,456,264,HOÀNG
357,165,363,143,437,163,432,184,THUỐC
302,152,308,130,361,143,356,166,NHÀ