198,174,198,170,210,170,210,174,HỒNG
217,173,217,168,269,169,269,173,www.humminhmoom.vn
190,170,190,159,203,159,203,170,63
215,159,232,159,232,168,215,168,TẠO
254,167,254,158,271,158,271,167,TÓC
233,166,233,157,252,157,252,166,MẪU
36,119,36,113,62,113,62,119,Website:
63,112,113,112,113,119,63,119,hairinhmoon.vn
214,109,234,109,234,118,214,118,0976
236,118,236,108,251,108,251,118,665
253,109,268,108,269,117,253,118,669
34,110,34,101,47,101,47,110,ĐC
47,110,47,101,57,101,57,110,63
58,100,86,99,86,108,58,109,NGUYỄN
87,108,87,99,109,99,109,108,HỒNG
203,106,203,97,234,97,234,106,ĐT:0988
236,106,236,96,251,96,251,106,200
252,105,252,96,268,96,268,105,030
125,71,159,69,160,83,126,85,HAIR
167,69,216,67,217,80,168,82,SALON
56,39,158,39,158,68,56,69,(LINH
164,38,265,32,267,55,166,61,MOON