469,356,469,349,490,349,490,356,PHÁT
442,355,442,348,468,349,468,356,NHUẬN
422,355,422,349,440,349,440,355,MINH
352,354,352,346,384,346,384,354,8118
327,354,327,345,351,345,350,355,292
300,354,300,345,325,345,325,354,090
260,353,260,345,298,346,298,354,Hotline:
29,351,29,344,159,346,159,352,www.minhhuanphat.com
447,208,447,198,497,200,497,210,098279
393,204,394,193,443,197,443,208,Hotline
264,197,264,184,273,184,273,197,1
246,196,246,182,260,182,260,196,Q.
190,190,190,178,241,180,240,193,THÀNH
152,189,154,173,187,177,185,193,BẾN
135,188,137,172,154,174,152,190,P.
78,185,79,170,133,174,132,188,TRỌNG
52,184,53,167,76,169,75,186,TỰ
3,178,4,163,50,167,49,182,184LÝ
261,140,264,108,357,117,354,148,MEO
160,132,163,100,257,110,254,142,MBO
118,38,201,30,204,55,120,62,store