9,588,22,537,98,556,86,607,Cát
229,549,229,509,302,509,302,549,NHÀ
85,539,100,506,129,519,114,552,ke
309,504,434,501,435,544,310,547,THUỐC
443,496,543,494,544,544,444,547,VIỆT
553,490,625,487,627,540,556,543,SỐ
629,493,666,490,670,537,632,540,2
31,519,50,482,95,505,75,542,ara
245,494,245,461,311,461,311,494,NHỊ
319,458,438,447,442,483,323,494,LHNHT
452,444,652,435,653,472,454,481,COSTEIv
87,435,87,417,113,417,113,435,ĐC:
112,415,142,413,143,431,113,433,210
138,409,199,403,201,423,140,430,NGUYỄN
201,401,240,398,242,420,203,423,THÁI
240,399,278,396,280,415,242,418,SƠN
282,413,282,395,298,395,298,413,P
302,412,302,392,319,392,319,412,4
327,411,329,388,346,389,345,412,Q.
350,406,350,381,377,381,377,406,GÒ
378,378,417,373,420,400,381,404,VẤP
111,382,157,372,160,389,114,398,GPSỐ
156,374,198,369,200,385,158,390,2714
201,370,237,366,238,378,203,382,HCM
493,366,593,356,595,378,495,388,ĐT:0977
244,364,301,357,302,370,245,377,ĐKKDD
601,351,651,346,654,370,604,376,037
660,344,712,338,715,363,663,370,676
222,313,271,306,274,326,225,334,Sức
483,323,603,304,606,325,486,343,DS:NGUYỄN
611,306,651,300,656,324,615,331,THỊ
654,297,688,291,692,313,657,319,HÀ
276,304,343,291,347,311,280,323,khỏe
353,288,407,280,410,301,356,309,cho
415,282,472,270,476,289,419,301,gia
187,271,189,260,220,267,218,277,HARMA
486,265,570,247,574,269,491,287,đình
233,259,309,242,317,277,241,294,Nhà
584,243,677,227,682,253,589,270,Việt
180,235,228,225,232,243,184,254,Nhà
315,239,433,213,441,250,323,276,thuốc
235,221,312,202,317,222,240,240,Thuốc
444,196,557,180,565,237,452,253,VIỆT
320,199,374,186,380,211,326,224,Đạt
564,176,636,161,646,208,573,223,SỐ
383,181,480,158,485,181,388,204,CHUẨN
645,157,682,155,684,202,647,204,2
503,148,642,115,649,142,509,175,GPP