384,333,384,316,429,316,429,333,CHẮC
445,313,476,312,477,339,446,340,ƯU
408,305,408,294,431,294,431,305,LONG
379,307,379,291,407,291,407,307,THÀNG
66,300,67,291,79,292,78,301,27
297,283,333,282,333,292,297,293,LƯỢNG
222,282,257,282,257,293,223,293,TRỌNG
190,291,190,282,219,282,219,291,SANG
140,282,163,282,163,292,140,292,LỊCH
166,293,166,281,182,281,182,293,SỰ
266,292,266,280,294,280,294,292,CHẤT
401,283,401,276,421,276,421,284,PHẨM
0,289,0,275,8,276,7,290,G
385,283,385,275,400,275,400,283,SẢN
451,290,451,269,478,269,478,290,Chân
439,267,449,267,449,287,439,287,t
288,279,288,259,358,259,358,279,LONG
115,280,115,258,173,258,173,280,MAY
183,278,183,254,275,254,275,278,THÀNG
489,255,512,253,514,278,492,280,ĐO
497,198,512,197,513,208,498,208,ĐC
436,192,455,192,455,204,436,204,554
413,193,434,192,434,204,413,204,339
379,204,379,192,411,192,411,204,01688
357,192,376,192,376,203,357,203,ĐT:
227,206,227,191,250,191,250,206,NỘI
169,203,169,191,197,192,197,203,SƠN
139,204,139,190,166,190,166,204,SÓC
72,203,72,190,99,190,99,203,KHU
46,202,46,190,69,191,69,202,ĐC:
206,204,206,190,224,190,224,204,HÀ
120,203,120,190,137,190,137,203,TT
100,203,100,190,112,190,112,203,B
502,171,512,170,513,190,503,190,C
71,161,72,124,143,126,142,163,ĐẠI
154,156,154,125,243,125,243,156,LYDO
263,160,264,109,423,114,421,166,bitrs
73,113,73,106,90,106,90,113,Value
48,112,49,106,73,107,73,113,Vietnam
98,99,102,93,119,106,115,112,PHOA
124,105,134,85,141,88,131,108,CHICAL
414,90,414,74,443,74,443,90,TIÊN
103,83,113,74,117,78,107,88,VIỆT
380,89,380,72,413,73,412,90,BÌNH
210,87,210,73,246,73,246,87,TNHH
341,72,378,72,378,89,341,89,DÙNG
116,79,117,74,131,78,130,83,NAM
269,89,269,71,306,71,306,89,HÀNG
308,70,339,70,339,90,308,90,TIÊU
247,89,247,71,268,71,268,89,SX
149,87,149,71,188,71,188,87,CÔNG
188,89,189,70,209,72,208,91,TY