37,146,54,145,55,160,38,160,-7%
41,143,41,136,55,136,55,143,KHACH
32,144,32,136,42,136,42,144,QUY
39,133,40,125,49,126,48,134,XIỆM
49,135,49,125,58,125,58,135,CÂM
30,134,30,125,39,125,39,134,NET
206,131,206,120,216,120,216,131,THOỐC
44,124,45,117,57,117,56,125,HONG
31,123,32,115,45,117,45,124,NAM
42,115,43,107,57,108,56,116,THUC
32,114,33,107,43,108,43,115,NHÀ
243,110,244,100,250,101,249,110,7
231,108,231,100,238,100,238,108,5
219,109,219,99,231,99,231,109,RẺ
174,108,174,98,193,99,193,108,SƠN
199,109,199,97,217,98,217,109,BÁN
131,106,132,96,150,97,149,107,340
152,107,153,95,172,96,171,108,TÂY
98,105,99,95,124,96,124,106,HƯNG
66,103,66,93,96,94,96,104,NGHĨA
31,102,31,91,64,93,64,103,THUỐC
8,101,8,91,28,91,28,102,NHÀ
226,74,226,68,241,70,241,75,ĐT:56
174,72,174,65,190,66,190,73,22ct5
147,71,148,64,155,65,154,72,10
134,71,134,64,146,64,146,71,cƯỚ
123,70,124,63,134,64,133,71,mở
112,70,112,63,123,63,123,70,Gid
34,67,34,61,89,63,89,69,489/2005/GCM/NIN
228,63,228,55,246,56,245,64,Dươ
208,62,209,53,227,55,226,64,Thuỳ
177,62,177,53,206,53,206,63,Nguyễn
161,60,162,51,176,52,175,61,DS:
121,58,121,50,138,51,138,59,bán
138,59,139,50,148,51,147,60,lẻ
86,57,86,49,118,50,117,59,Chuyên
41,55,41,48,59,48,58,56,Vĩnh
61,57,61,47,73,47,73,57,Hồ
22,55,22,46,34,47,33,56,Số
35,55,35,47,39,48,39,55,1
208,49,209,31,253,34,252,51,HƯNG
155,47,156,25,206,27,205,49,NGHĨA
97,44,98,21,151,23,150,46,THUỐC
56,43,57,19,93,21,92,45,NHÀ
24,42,25,16,49,17,48,43,A