966,444,966,418,1023,418,1023,444,0007
912,445,912,418,960,418,960,445,680
846,441,846,416,906,418,905,443,0188
795,441,796,415,842,416,841,443,ĐT:
705,444,705,411,753,411,753,444,Q.3
625,439,626,410,687,412,687,440,P.10
504,437,504,408,606,408,606,437,NGUYÊN
257,405,309,405,309,436,257,436,163
426,436,427,401,498,405,497,439,PHÚC
315,437,315,401,419,401,419,437,NGUYỄN
837,380,853,380,853,392,837,392,-
625,378,639,378,639,387,625,387,-
945,407,947,363,1032,368,1029,412,Nhật
860,401,861,363,940,367,939,404,Sinh
738,399,738,364,830,364,830,399,Hoan
649,397,651,359,730,363,728,401,Liên
531,395,532,355,618,357,617,397,Cưới
441,401,443,353,525,357,523,404,Tiệc
362,400,364,353,436,355,434,402,Đặt
257,395,259,351,356,355,355,399,Nhận
904,359,905,315,993,318,992,362,Ngọt
803,353,805,312,899,315,897,355,Bánh
714,355,716,309,798,311,797,358,Loại
635,348,637,309,709,312,707,351,Các
539,346,540,304,629,306,628,348,Xuất
455,344,458,300,534,305,531,349,Sản
311,343,312,301,448,306,446,348,Chuyên
445,263,451,185,619,197,614,275,Bánh
271,265,271,189,431,189,431,265,Tiệm
846,303,848,172,1049,176,1047,307,K
644,307,644,172,844,172,844,307,Su