347,263,410,263,410,271,347,271,0903.66.55.94
323,273,323,262,344,262,344,274,hiệu
298,273,298,262,322,262,322,274,bàng
279,262,296,262,296,272,279,272,làm
253,273,253,261,278,262,277,274,Nhận
280,157,295,157,295,161,280,161,nghi
267,157,278,157,278,161,267,161,CN
247,161,247,157,266,157,266,161,CHIỀU
284,155,285,151,298,152,297,156,tâm
258,155,258,150,279,152,279,156,Chiều
188,157,188,146,215,146,215,157,GIAN
299,152,299,147,311,147,311,152,TTH
232,153,232,147,250,147,250,153,7.CN
283,151,283,147,292,147,292,151,/
220,152,220,147,233,147,233,152,Thứ
159,157,159,144,184,144,184,157,THỜI
258,150,259,146,276,147,276,152,Săng
290,143,290,138,309,139,309,144,20h30
265,139,283,138,283,144,265,144,17h30
237,143,237,138,259,139,259,144,thường
220,143,221,137,237,138,236,144,Ngày
188,126,188,116,198,116,198,126,TAI
171,115,187,115,187,126,171,126,VIÊM
199,126,199,115,215,115,215,126,GIỮA
276,126,276,115,287,115,287,126,TAI
233,126,233,115,244,115,244,126,TAI
216,126,216,113,233,113,233,126,NĂM
261,114,275,113,276,125,262,126,RÁY
307,113,323,113,323,125,307,125,MÁY
248,125,248,113,261,113,261,125,LẤY
288,113,307,113,307,125,288,125,BẰNG
173,97,212,96,212,103,173,104,HỌNG
222,96,272,96,272,101,222,102,THANH
278,93,319,92,320,101,278,103,QUÁN
250,92,251,85,280,86,280,93,Họng
222,92,222,86,242,86,242,92,Mải
193,94,193,85,212,85,212,94,Tai
196,80,196,74,203,74,203,80,-
257,78,257,74,264,74,264,78,-
156,69,193,68,193,84,156,85,KHÁM
232,69,254,69,254,83,232,83,SOI
206,86,206,67,229,67,229,86,NỘI
300,84,300,66,322,66,322,84,TRỊ
267,64,297,64,297,82,267,82,ĐIỀU
158,67,159,54,184,54,184,67,Bác
185,66,185,53,199,53,199,66,SĨ
266,62,266,53,276,53,276,62,ĐT:
279,52,323,51,323,60,279,60,0982989596
204,50,258,49,259,62,204,64,HIỂU