87,354,87,347,133,347,133,354,0964.82.52.52
60,353,60,348,85,348,85,353,Hotlone:
33,336,98,335,98,341,33,341,WWW.KHOIMOC.COM
67,317,110,316,110,327,67,328,QUẢNG
293,324,293,315,431,318,431,327,www.hemeravietnam.com
113,327,113,314,137,314,137,327,CÁO
245,324,245,314,289,314,289,324,Website:
170,330,170,312,200,312,200,330,MỘC
139,313,168,312,168,327,139,328,KHỞI
441,299,441,288,468,288,468,300,HCM
394,299,394,287,412,287,412,299,Gò
413,299,414,286,438,287,438,300,Vấp.
358,286,379,286,379,298,358,298,P.3.
326,299,326,286,355,286,355,299,Đồng
379,298,379,286,392,286,392,298,Q.
303,297,303,286,324,286,324,297,Văn
272,297,272,286,301,286,301,297,Phạm
105,297,105,286,129,286,129,297,dịch:
79,298,79,285,103,285,103,298,giao
198,296,199,285,227,285,227,296,Plaza
166,296,166,284,197,285,196,297,Sunny
132,296,132,285,152,285,152,296,A02
41,298,41,284,60,284,60,298,Địa
152,296,152,284,165,284,165,296,05
61,297,61,284,78,284,78,297,chỉ
244,284,270,284,270,296,244,296,110A
229,296,229,283,245,283,245,296,Số
369,282,369,270,404,270,404,282,Nhuận
407,281,407,269,435,270,435,282,HCM
346,281,346,268,369,269,368,282,Phú
267,279,267,268,289,268,289,279,Văn
332,280,332,268,345,268,345,280,Q.
227,280,227,267,265,267,265,280,Nguyễn
320,280,320,268,330,268,330,280,8.
311,280,311,268,322,268,322,280,P.
290,280,290,267,310,267,310,280,Trôi
177,279,178,267,205,268,204,279,Point
142,278,142,268,176,268,176,279,Centre
207,280,207,267,225,267,225,280,106
115,279,115,267,140,267,140,279,702A
94,280,94,267,112,267,112,280,chỉ:
74,281,74,267,93,267,93,281,Địa
230,232,230,219,306,219,306,232,0313312462
194,233,194,218,225,218,225,233,MST:
149,190,149,171,358,173,358,192,HEMERA
376,78,377,60,451,61,451,78,HEMERA
314,82,314,57,369,57,369,82,NGHỆ
249,79,249,58,306,58,306,79,CÔNG
121,79,122,57,147,59,146,80,TY
56,77,57,56,117,57,117,78,CÔNG
188,80,188,54,242,54,242,80,PHẦN
150,80,150,51,184,51,184,80,CỔ