319,459,320,439,343,440,343,460,ọn
157,457,157,439,198,439,198,457,Quan
283,455,283,439,308,439,308,455,cho
227,438,255,438,255,458,227,458,mọi
200,456,200,438,226,438,226,456,sát
257,454,257,438,281,438,281,454,nơi
310,456,310,438,320,438,320,456,L
176,429,176,378,303,379,303,430,STP
303,384,303,369,317,369,317,384,R
297,272,297,259,494,259,494,272,YENSAUGULUNI
200,257,261,257,261,273,200,273,CCTV
159,275,159,256,189,256,189,275,EN
334,240,334,231,390,231,390,240,39572350
267,231,322,231,322,240,267,240,39572349
434,240,434,231,491,231,491,240,39572339
170,242,170,230,192,230,192,242,P.7-
403,241,403,230,432,230,432,241,Fax:
34,241,34,230,54,230,54,241,126
240,229,263,228,263,242,241,243,ĐT:
197,242,197,229,223,229,223,242,Q.10
136,244,136,229,166,229,166,244,KIỆT
8,241,8,229,33,229,33,241,ĐC:
80,229,131,229,131,240,80,240,THƯỜNG
56,227,75,227,75,242,56,242,LÝ
172,206,283,205,283,221,172,222,quansat2
122,205,165,205,165,221,122,221,WW
277,205,398,204,398,218,277,219,4h.com.vn
102,220,102,204,124,204,124,220,W
240,166,365,164,365,191,240,193,QUAN
28,188,28,165,218,165,218,189,CAMERA
380,159,465,158,465,192,380,193,SÁT
312,151,312,128,395,128,395,151,NINH
253,126,302,126,302,153,253,153,AN
207,156,210,124,246,127,244,159,BỊ
99,150,100,116,199,118,198,153,THIẾT
57,95,57,52,291,55,291,97,NGUYÊN
313,49,426,47,427,100,314,102,BẢO
360,26,360,12,392,12,392,26,DV
317,26,317,11,352,11,352,26,TM
202,25,202,10,267,11,267,26,TNHH
274,10,304,9,305,26,274,27,SX
160,7,192,7,192,27,160,27,TY
80,24,81,6,152,7,152,24,CÔNG