372,475,372,460,429,460,429,475,VIETNET
330,400,342,400,342,406,330,406,THÀNG
310,404,310,400,318,400,318,404,Thang
317,399,329,399,329,405,317,405,26Am
310,387,324,386,324,392,311,392,Team
310,382,326,382,326,386,310,386,HisTÔchai
335,379,343,379,343,383,335,383,-
328,383,329,379,335,380,335,384,fon
327,374,339,374,339,379,327,379,THA
339,379,339,373,347,373,347,379,01
307,360,319,360,319,363,307,363,VISH
338,363,338,359,347,359,347,363,MƯỚC
330,363,330,359,338,359,338,363,YÊN
319,363,319,359,329,359,329,363,PHẦN
332,355,332,351,347,351,347,355,TEAHAM
321,355,321,350,329,350,329,355,-
308,357,308,349,318,349,318,357,50p
334,348,344,348,344,351,334,351,IN
327,341,348,341,348,345,327,345,TamPhasHies
320,340,320,336,328,336,328,340,TẠM
309,342,309,335,319,335,319,342,100g
302,332,302,328,310,328,310,332,HUA
311,328,318,328,318,331,311,331,SẢN
319,327,329,327,329,331,319,331,PHẬN
331,326,345,326,345,331,331,331,VENTO
321,317,321,311,329,311,329,317,MÀI
301,312,321,311,321,317,301,317,SCKENSIC
335,317,335,310,345,310,345,317,NĂNG
329,317,329,310,335,310,335,317,Đ4
310,305,310,301,329,301,329,305,0000.000
98,289,98,261,155,261,155,289,YÉN
173,286,176,257,233,262,231,290,SÀO
61,150,61,141,85,141,85,150,PHAN
44,141,57,141,57,150,44,150,A6
157,140,185,140,185,149,157,149,TRANG
249,140,262,140,262,149,249,149,ĐT.
134,149,134,139,153,139,153,149,NHA
104,151,104,139,129,139,129,151,CHÂU
86,152,86,139,102,139,102,152,BỘI
263,139,316,138,317,147,263,148,0583.820909
324,138,397,137,397,146,324,147,FAX:0583.826969
43,131,61,130,62,140,44,141,HOT
63,140,63,130,84,130,84,140,LINE
92,140,92,129,113,129,113,140,0935
141,139,141,129,152,129,152,139,88
116,140,116,129,139,129,139,140,03.00
151,132,151,118,203,119,203,134,NHA
210,119,295,119,296,131,210,132,TRANG
97,65,218,63,219,114,98,116,NHÀ
227,62,344,61,344,114,227,115,YẾN
54,70,54,65,82,65,82,70,shathanhairang