435,466,438,437,470,440,467,469,mày
404,464,406,436,436,438,434,466,lông
73,441,74,421,93,422,91,442,chết
56,439,58,422,73,423,72,440,bào
47,438,49,420,58,421,55,439,tế
421,432,422,406,445,407,443,433,Tia
352,402,369,402,369,414,352,414,TIỆ
63,421,64,397,79,398,78,421,Tẩy
209,414,209,396,233,396,233,414,8h30
339,413,339,398,348,398,348,413,tia
353,388,354,373,390,375,389,390,MON
334,388,334,375,349,375,349,388,tro
403,396,403,368,440,368,440,396,Trang
69,383,69,366,90,366,90,383,chân
442,391,442,363,478,363,478,391,điểm
53,386,55,365,69,366,67,387,gót
359,363,359,350,384,350,384,363,Mitay
337,361,337,350,355,350,355,361,trôn
319,361,319,350,336,350,336,361,mau
289,360,290,347,318,348,318,361,SonGel
65,364,65,346,83,346,83,364,Chà
410,353,410,326,435,326,435,353,tay
434,324,470,323,470,348,435,349,chân
62,312,79,312,79,330,62,330,Sơn
80,311,91,311,91,329,80,329,về
316,319,316,303,336,303,336,319,chân
411,297,469,295,470,319,412,320,Massage
80,302,80,284,91,284,91,302,da
66,283,80,283,80,302,66,302,Cát
410,281,410,259,438,259,438,281,Wax
439,283,439,256,471,256,471,283,lông
69,260,103,258,104,271,70,273,0903.88.66.47
62,257,62,238,78,238,78,257,TUYỂN
91,254,91,238,105,238,105,254,NAILS
64,198,81,197,82,212,65,213,SỐ
84,213,84,193,95,193,95,213,9
96,191,115,190,117,207,98,208,ĐỖ
117,193,151,188,153,202,118,207,NGOC
154,187,197,180,199,195,156,201,THÀNH
209,179,238,176,240,190,211,193,P.14
249,173,277,171,278,186,251,189,Q.5
334,160,358,158,359,174,335,176,ĐT
89,155,135,152,137,177,91,180,Đắp
185,152,195,152,195,159,185,159,-
139,151,179,146,182,170,142,175,bột
366,158,441,147,443,159,368,171,0903886
439,147,471,143,472,156,441,160,647
201,135,254,130,257,159,203,164,Đắp
257,132,304,124,309,149,262,158,gel
329,118,369,110,373,135,334,142,Võ
377,104,429,95,434,126,382,134,nổi
64,87,216,59,229,127,77,156,Linh
247,113,247,47,312,47,312,113,O
70,67,122,54,125,68,74,81,TRUNG
125,48,162,40,166,61,129,68,TÂM
166,38,220,25,225,44,170,57,CHĂM
305,32,466,0,483,77,322,112,Nails
224,21,264,12,269,33,229,42,SÓC
270,8,336,0,340,15,275,29,MÔNG
346,14,346,0,363,0,363,14,&