762,564,762,551,795,551,795,564,VinID
522,557,522,544,548,544,548,557,ngày
457,554,457,544,479,544,479,554,tiện
883,554,883,543,907,543,907,554,ngày
498,555,498,543,520,543,520,555,mỗi
482,544,496,544,496,554,482,554,lơi
863,541,883,541,883,553,863,553,mỗi
826,554,826,541,846,541,846,554,tiện
847,554,847,540,862,540,862,554,lợi
780,541,793,541,793,551,780,551,lũy
762,551,762,540,780,540,780,551,Tich
521,543,521,532,548,532,548,543,ngon
883,531,907,531,907,540,883,540,ngor
497,539,497,530,519,531,518,541,Tươi
860,540,860,530,880,530,880,540,Tươi
892,513,892,508,910,508,910,513,Vinhlat
479,508,500,508,500,514,479,514,Vinhet
844,513,845,506,867,508,867,515,Vinlan
799,513,799,507,821,507,821,513,VinMart
772,506,794,506,794,513,772,513,Vehtan"
690,461,715,461,715,470,690,470,CHỦY
939,309,939,298,956,298,956,309,Nội
925,308,925,298,939,298,939,308,Hà
911,308,911,297,923,297,923,308,TP.
894,309,894,295,911,295,911,309,Trì,
866,307,866,295,894,295,894,307,Thanh
852,296,863,293,866,306,854,308,H.
826,305,827,293,852,294,851,307,Triều
809,306,809,293,828,293,828,306,Tân
794,306,794,292,810,292,810,306,Xã
776,306,776,292,794,292,794,306,đất,
749,304,750,292,776,294,775,306,dụng
738,303,738,292,749,292,749,303,SỬ
707,304,707,292,737,292,737,304,quyền
691,304,691,290,707,290,707,304,giá
672,301,673,288,692,290,691,303,đấu
651,301,652,288,672,289,671,302,Khu
635,302,635,288,651,288,651,302,Xá,
614,300,615,287,636,289,635,301,Yên
597,299,598,286,616,287,615,300,E13
73,204,215,176,227,237,86,266,nMar
445,246,449,162,824,182,820,267,VinMart