646,520,651,493,754,512,749,539,3893989
607,509,611,487,662,496,657,519,0983
449,478,455,450,604,482,598,510,SỐT:0932369769
401,468,406,442,450,450,445,476,AN-BD
378,464,384,433,401,437,396,467,DĨ
342,460,349,427,382,434,375,467,HIỆP
306,448,311,421,345,427,340,454,ĐÔNG
279,443,284,417,311,422,306,448,TÂN
233,436,238,408,273,415,267,443,CHIÊU
188,425,192,399,236,408,232,434,KPĐÔNG
479,440,485,390,588,403,582,453,NHÂN
163,419,167,398,193,403,189,424,KHAI
138,412,143,393,166,399,161,418,MINH
333,399,333,389,348,389,348,399,-
391,421,399,374,479,387,471,435,CÔNG
349,414,357,370,395,377,387,421,ÁO
265,401,270,359,340,368,335,410,CAFÉ
201,392,207,350,268,358,262,400,QUẦN
172,385,180,349,206,355,199,391,ÁO
558,380,563,336,686,350,681,394,BANH
491,377,495,316,551,320,547,381,ĐÁ
436,367,443,312,493,319,486,374,ÁO
275,349,279,314,352,320,349,356,THAO
367,367,374,307,439,315,433,375,ĐẶT
231,348,234,296,282,299,278,351,THỂ
137,340,141,294,229,300,226,346,SILẺAO
495,290,498,221,755,232,752,301,THAO
210,283,214,219,330,226,326,290,GIỚI
115,281,118,210,205,213,203,284,THÊ
335,293,339,182,473,187,469,297,THẺ
265,106,434,96,438,172,269,182,JAKY
450,112,683,92,688,149,455,170,SPORTS