72,400,78,390,114,412,107,422,0944.22.25.
72,364,87,341,117,361,102,384,TAT
592,306,592,296,604,296,604,306,18
571,306,571,294,590,294,590,306,chỉ:
506,289,506,271,546,271,546,289,1515
455,287,456,270,500,271,499,289,2267
424,288,424,268,451,268,451,288,04
378,285,378,266,422,267,421,286,TEL:
588,266,602,266,603,288,589,289,Đ
173,280,173,256,220,257,219,281,THÁI
224,283,224,253,255,253,255,283,TỔ
141,277,143,252,170,254,168,279,LÝ
108,278,108,248,144,248,144,278,18B
565,261,595,245,603,260,573,276,uyên
433,235,434,194,535,195,534,236,T&T
569,242,569,195,602,195,602,242,CỬ
343,233,348,182,419,188,415,239,by
168,186,169,75,500,76,500,188,Nails
119,59,123,15,219,23,215,67,T&C