272,228,287,228,287,242,272,242,54
60,214,60,204,222,204,222,214,ambanghieuphuquy.com
253,182,254,173,291,177,290,185,ĐT:54124838
224,179,225,169,252,172,250,183,CẢNH,Q
212,178,212,168,224,168,224,178,ĐỨC
182,175,183,165,215,168,214,178,56NGUYỄN
101,166,102,157,159,163,158,172,CCHODHKĐT22330
74,163,75,154,100,157,99,166,KIMCÔN
61,162,62,153,75,155,74,164,THỊ
35,159,36,149,62,151,61,161,NGUYỄN
25,158,25,150,35,150,35,158,DS:
116,147,119,127,219,138,216,158,Pharmacy
267,136,270,110,289,112,286,139,8
172,122,175,98,265,109,262,134,KHANG
122,116,126,89,169,95,165,122,AN
28,102,34,67,118,81,112,116,PHÚC
150,64,152,50,190,57,188,71,FAR