525,470,525,457,632,457,632,470,090.292.8118
550,455,550,447,581,447,581,455,NHUAN
611,455,611,446,633,447,633,456,COM
584,455,584,447,608,447,608,455,PHAT
524,456,524,446,548,446,548,456,MINH
548,442,548,413,610,413,610,442,NP
163,342,224,333,228,365,168,374,Add:
227,332,261,327,265,357,231,361,68
251,330,307,316,314,346,258,360,/270
305,320,340,314,344,342,309,348,Bis
342,313,381,308,385,334,346,339,Trần
384,312,430,305,434,329,388,336,Quang
431,302,463,297,467,320,435,325,Khải
465,297,478,294,481,315,468,318,P.
478,296,500,292,503,310,482,314,Tân
501,293,527,289,530,308,504,312,Định,
529,289,543,285,547,304,534,308,Q1
554,285,580,280,582,293,557,298,Phone:
581,280,591,278,594,291,584,293,08
592,279,623,273,625,285,594,290,38435012
507,205,614,198,618,254,511,262,QUANG
337,178,497,168,503,256,343,266,HỒNG
11,103,284,59,324,301,51,346,HO
335,155,338,128,429,137,427,165,Tailors
579,18,579,8,608,8,608,18,com
180,16,180,9,208,9,208,16,com
432,16,432,8,577,8,577,16,minhnhuanphat@gmal
46,15,46,7,176,8,176,15,www.minhnhuanphat