90,446,116,444,117,460,91,462,TEL:
120,444,203,440,204,455,121,458,0466809640
214,455,214,439,251,439,251,455,Email:
256,440,373,434,373,446,256,452,contact@giadinhit.net
384,433,430,431,430,445,385,446,Website:
432,444,432,430,463,430,463,444,www.
464,430,528,428,528,442,465,443,giadinhit.net
113,436,113,417,132,417,132,436,22
92,437,92,415,112,415,112,437,SỐ
162,416,189,414,190,431,163,433,90/1
134,415,161,413,163,433,135,435,NGÕ
227,429,227,413,251,413,251,429,HOA
199,431,199,410,226,410,226,431,PHỐ
252,408,285,406,286,427,253,429,BẰNG
295,409,341,407,341,424,296,426,PHƯỜNG
343,406,366,406,366,425,343,425,YÊN
400,404,432,404,432,425,400,425,QUẬN
368,423,368,405,391,405,391,423,HÒA
432,422,432,401,457,401,457,422,CẦU
509,421,509,400,530,400,530,421,NỘI
458,421,458,400,484,400,484,421,GIẤY
492,418,493,399,509,400,508,419,HÀ
366,323,508,319,509,366,368,370,NAM
125,314,342,312,343,372,126,375,THÀNH
184,270,242,269,242,297,185,298,TNHH
247,297,247,268,281,268,281,297,TM
151,298,151,269,179,269,179,298,TY
81,267,146,266,146,298,82,299,CÔNG
367,294,367,262,422,262,422,294,PHÁP
428,294,428,261,482,261,482,294,CÔNG
488,298,488,260,543,260,543,298,NGHỆ
284,297,284,262,315,262,315,297,VÀ
318,297,318,257,362,257,362,297,GIẢI
290,235,297,232,302,240,294,243,W
282,243,282,233,291,233,291,243,W
380,243,380,231,400,231,400,243,net
314,232,337,229,338,242,316,244,gia
262,181,421,180,421,218,263,219,hanhnam
296,169,296,150,384,153,383,172,Software