77,721,77,688,116,688,116,721,TRANG
562,725,562,687,594,687,594,725,LOẠI
83,674,83,636,112,636,112,674,THỜI
560,662,560,621,590,621,590,662,CÁC
81,627,81,581,114,581,114,627,XÁCH
558,566,588,564,590,602,560,603,VÍDA
88,552,88,516,108,516,108,552,TÚI
552,509,588,506,591,544,554,546,LƯNG
87,496,88,460,112,461,111,497,DÉP
554,486,554,449,581,449,581,486,DÂY
84,442,84,407,113,407,113,442,GIẤY
550,428,550,397,573,397,573,428,BAL
60,377,68,358,93,368,86,387,Valy
77,359,77,338,91,338,91,359,Túi
52,263,81,261,83,281,54,283,ĐC
84,282,84,258,114,258,114,282,112
191,255,251,254,252,273,191,275,LƯƠNG
115,255,185,251,186,275,116,279,NGUYỄN
256,246,309,244,310,271,257,273,BẰNG
407,246,446,244,447,265,408,266,TEL
454,244,566,237,567,256,456,263,04.32423327
93,238,93,190,167,190,167,238,Giầy
171,235,172,189,230,191,229,236,dép
245,185,295,183,297,224,246,226,Túi
300,184,375,182,375,220,301,221,xách
453,180,536,179,537,218,454,219,trang
382,178,447,177,448,215,383,217,thời
86,67,276,43,289,150,100,173,Nam
301,100,326,6,532,60,507,154,Ánh