698,532,698,523,706,523,706,532,Ni
679,529,681,517,698,521,696,532,lupc
687,515,689,503,711,506,709,519,RƯƠNG
674,514,677,502,689,505,686,517,KHU
656,516,656,500,679,500,679,516,TEẤILẺ
685,503,685,488,712,488,712,503,10NGỬA
660,500,661,486,679,488,678,501,TỬA
662,471,681,471,681,481,662,481,TRA
433,461,543,460,543,469,433,469,QUANGCAOTAYBAC
14,469,14,461,124,461,124,469,QUANGCAOTAYBAC
309,459,333,459,333,472,309,472,111
241,472,241,459,275,459,275,472,0968
745,458,771,458,771,472,745,472,111
546,471,546,459,564,459,564,471,VN
279,471,279,459,304,459,304,471,858
127,471,127,459,145,459,145,471,VN
678,471,678,458,742,458,742,471,0968858
661,450,661,435,702,436,702,451,ANO
663,407,720,407,720,432,663,432,TẶNG
685,403,685,392,724,393,724,404,TRƯƠNG
661,403,661,391,683,391,683,403,KHAI
667,386,667,374,693,374,693,386,TƯNG
694,387,694,373,723,373,723,387,BỪNG
665,366,665,343,685,343,685,366,Hi
678,343,723,340,724,365,679,367,Chill
661,323,684,323,684,338,661,338,Tiệm
685,322,703,322,703,336,685,336,Trá
703,323,732,321,733,334,704,336,Chanh
682,289,715,285,717,297,684,302,HiChill
648,301,648,287,658,287,658,301,2
620,299,623,282,648,286,646,302,909
598,295,600,279,623,282,621,299,039
571,291,575,270,600,275,597,295,ĐT:
355,263,358,243,380,246,377,266,Vũ
312,259,315,240,356,247,352,265,Ngọd
249,251,252,231,309,237,307,258,Nguyễn
202,241,205,223,247,230,244,248,225B
174,240,177,218,201,220,198,243,Số
620,237,622,214,674,219,672,243,HiChill
134,234,136,213,172,217,170,239,ĐC:
424,243,426,137,591,141,589,247,Chill
250,108,255,84,325,100,320,124,Chanh
206,99,210,78,250,86,246,107,Trà
144,87,148,64,210,75,206,98,Tiêm