3290,1938,3600,1830,3629,1913,3319,2021,KINGDOM
3350,1821,3519,1759,3536,1805,3367,1867,COMPORATION
3629,1678,3630,1634,4153,1639,4153,1683,tnmthcm.edu.vn
3449,1629,3641,1629,3641,1680,3449,1680,www.
3142,1673,3143,1614,3432,1618,3431,1678,Website:
2950,1674,2951,1604,3121,1607,3119,1678,9474
2762,1669,2764,1601,2939,1607,2936,1674,3844
2338,1668,2338,1597,2512,1597,2512,1668,3006
2570,1665,2572,1594,2730,1597,2728,1669,FAX
2152,1665,2154,1590,2323,1593,2322,1669,3844
2018,1661,2018,1586,2142,1586,2142,1661,ĐT:
1349,1657,1349,1570,1561,1570,1561,1657,QUẬN
1730,1651,1734,1564,1915,1571,1912,1658,BÌNH
1577,1648,1577,1565,1721,1565,1721,1648,TÂN
1274,1571,1324,1568,1329,1642,1279,1645,1
961,1633,963,1557,1267,1566,1265,1642,PHƯỜNG
336,1625,336,1556,517,1556,517,1625,236B
816,1641,816,1549,933,1549,933,1641,SỸ
647,1629,650,1546,808,1551,805,1634,VĂN
528,1629,528,1540,631,1540,631,1629,LÊ
3727,1487,3728,1254,4161,1257,4159,1490,CHÍMINH
2886,1466,2890,1238,3281,1246,3276,1473,THÀNH
2404,1464,2408,1220,2878,1227,2874,1470,TRƯỜNG
1481,1442,1481,1218,1954,1218,1954,1442,NGUYÊN
990,1478,990,1220,1243,1220,1243,1478,HỌC
3298,1478,3298,1213,3541,1213,3541,1478,PHỐ
2162,1462,2162,1216,2386,1216,2386,1462,MÔI
767,1464,781,1215,975,1226,961,1475,ĐẠI
3545,1483,3545,1216,3707,1216,3707,1483,HỒ
1973,1217,2131,1205,2150,1450,1992,1462,VÀ
1255,1193,1458,1193,1458,1437,1255,1437,TÀI
292,1413,296,1167,763,1174,759,1420,TRƯỜNG
2786,1145,2787,1036,3331,1040,3330,1149,TRƯƠNG
2478,1150,2485,993,2751,1004,2744,1161,MÔI
2254,1149,2254,1005,2450,1005,2450,1149,VÀ
1631,1119,1633,995,2204,1001,2203,1125,NGUYÊN
1111,1137,1114,981,1321,986,1318,1142,BỘ
1353,1119,1356,977,1598,981,1595,1124,TÀI