583,275,606,269,613,291,589,297,of
606,273,680,255,684,274,610,291,krowl
182,224,232,209,235,223,186,237,NHÀUAMY
566,214,675,190,686,239,576,263,KEY
233,209,276,199,280,215,237,225,trep
270,202,289,193,297,209,278,219,GI
340,207,412,192,416,213,344,228,Courses!
164,198,208,188,213,211,170,221,Tear
320,183,371,173,376,195,325,206,Mind
211,187,289,167,294,187,216,208,Petential
551,187,637,170,640,185,554,202,www.wi.beguyen
367,193,367,168,404,168,404,193,Str
635,168,655,161,661,180,641,186,ĐẠI
400,168,432,159,438,180,406,189,etc
151,165,198,155,205,187,158,196,Str
552,163,585,158,587,174,555,179,Mxi
432,160,474,151,478,173,436,181,hông
588,158,638,149,640,162,590,172,Christmas
195,157,260,138,269,167,203,186,etch
570,139,619,129,622,145,573,155,Hareat
670,125,696,123,700,171,674,173,(