460,371,460,368,480,370,480,374,HONDA
422,102,434,102,434,108,422,108,095
393,101,423,101,423,108,393,108,0945627
383,107,383,101,394,101,394,107,ĐT:
278,107,278,100,287,100,287,107,HN
191,101,195,101,195,106,191,106,-
208,107,208,100,226,100,226,107,NGHĨA
196,101,207,100,207,107,196,107,820
166,106,166,100,185,100,185,106,PHÒNG
258,108,258,99,273,99,273,108,GIẤY
227,108,227,99,240,99,240,108,TÂN
186,106,187,100,192,101,191,107,1
154,106,154,100,164,100,164,106,ĐC:
245,99,258,99,258,107,245,107,CẦU
375,97,375,85,405,86,405,97,Quáng
408,95,408,86,431,86,431,95,Châu
321,96,321,85,341,85,341,96,Thàn
288,96,289,84,314,86,313,97,Kông
343,84,367,84,367,97,343,97,Quốc
263,96,263,84,287,84,287,96,Tịống
242,94,243,83,261,84,261,95,Của
213,83,213,67,242,67,242,83,Chuyên
412,80,413,65,432,67,431,81,CAO
261,82,261,65,281,66,281,83,LOẠI
371,80,372,64,396,65,395,81,LƯNG
328,80,330,63,343,64,342,81,TÚI
242,80,242,63,260,63,260,80,CÁC
431,80,436,59,453,64,448,84,CẤP
403,80,404,63,414,64,412,81,VĨ
303,80,303,63,317,63,317,80,DÉ
350,80,350,62,372,62,372,80,THẮT
282,62,303,62,303,80,282,80,GIẤY
233,56,233,34,321,34,321,56,LOAN
127,41,208,22,221,77,140,96,Giây
331,56,331,29,431,30,430,57,NGHĨA