5,602,14,572,33,577,24,607,0
74,572,81,547,118,556,111,581,Coloto
788,362,788,353,805,353,805,362,size
750,352,786,352,786,363,750,363,Pudding
805,362,805,352,817,352,817,362,M
726,363,726,351,748,351,748,363,côu/
707,362,707,352,725,352,725,362,Rou
678,351,705,351,705,363,678,363,chẩu/
657,362,657,351,677,351,677,362,Trân
639,362,639,351,656,351,656,362,sữa
594,364,594,350,617,350,617,364,tặng
497,361,497,351,519,351,519,361,Mua
625,361,625,350,639,350,639,361,trà
617,361,617,351,624,351,624,361,1
543,349,567,349,567,363,543,363,uống
586,361,586,350,593,350,593,361,kì
567,362,567,348,584,348,584,362,bắt
527,348,542,348,542,362,527,362,đỏ
453,347,473,347,473,357,453,357,Lịnh
399,357,399,347,418,347,418,357,Đạo
433,356,433,346,454,347,453,357,Nam
377,356,377,347,401,347,401,356,Hung
344,356,344,347,362,347,362,356,415
422,356,422,346,434,346,434,356,TP
361,356,361,346,379,346,379,356,Trân
248,356,248,344,278,344,278,356,18/04
211,355,211,344,240,344,240,355,16/04
429,336,429,318,479,318,479,336,ĐỊNH
270,319,370,319,370,333,270,333,TOCOTOCO
377,335,377,318,424,318,424,335,NAM
497,337,497,290,610,290,610,337,Mua
661,345,662,285,787,287,786,347,Tặng
154,309,154,298,206,299,206,310,ToCoToCo
399,297,477,296,477,310,399,311,TRƯƠNG
228,313,228,295,279,295,279,313,TƯNG
345,312,345,294,392,294,392,312,KHAI
287,311,287,294,340,294,340,311,BỪNG
627,289,645,288,646,335,628,336,1
800,285,819,283,823,334,804,336,1
65,251,65,234,104,234,104,251,415
18,250,18,234,64,235,63,251,ĐC:
662,234,760,233,760,248,662,249,DELIVERY
243,232,294,231,294,253,244,255,ĐẠO
174,251,174,231,237,231,237,251,HƯNG
766,232,828,228,829,245,767,250,:0228
112,252,112,225,170,225,170,252,TRẦN
833,229,930,226,931,244,833,247,3665222
325,159,790,152,791,208,326,216,ToCoToCo
102,64,103,54,129,55,128,65,tượng
158,64,158,54,176,54,176,64,đao
181,63,183,53,198,55,197,65,Du
136,65,136,53,155,53,155,65,Độc
86,63,87,52,101,53,100,64,Ắn
691,52,691,45,711,45,711,52,5222
642,52,642,44,693,44,693,52,ĐT:0226366
318,48,318,41,342,41,342,48,TP.ND
295,49,295,40,315,40,315,49,ĐẠO
276,41,295,39,295,48,277,50,UNO
188,48,189,28,275,30,275,50,IDEA
88,29,168,28,169,48,88,49,NEO
399,34,399,11,606,15,605,37,ToCoToCo