461,389,461,361,530,361,530,389,0909
535,392,535,358,644,358,644,392,583148
484,356,484,344,514,344,514,356,NGAY
459,357,459,343,483,343,483,357,ALO
289,342,290,328,306,330,305,344,65
279,327,280,305,379,310,378,331,coal
453,227,454,219,549,231,548,238,SUPPORTGWITHỨN.COM
424,223,426,215,452,218,451,227,EMAIL:
343,213,344,205,419,214,418,223,SDT:0462923871
313,212,315,199,335,201,334,215,NỘI
297,209,298,196,315,197,314,211,HÀ
501,200,502,194,546,201,545,208,0986877916
271,205,274,191,298,195,295,209,GIẤY
247,203,249,187,272,189,270,206,CẦU
220,198,222,184,248,188,246,202,HÒA
181,192,183,181,220,186,219,198,TRUNG
522,187,523,179,541,182,540,190,food
134,188,136,175,179,180,178,193,QUANG
499,183,501,174,523,179,521,188,fresh
97,181,99,169,113,171,111,183,65
113,184,115,167,135,169,133,186,ĐỖ
84,178,86,162,98,163,96,180,Ồ
396,195,398,154,432,157,429,197,U
279,172,284,137,390,152,385,187,WITH
231,177,231,124,277,124,277,177,Cho
102,142,105,128,148,139,145,152,mois
446,158,452,118,504,126,498,166,LỢI
113,118,115,110,140,115,138,123,ience
365,144,371,100,447,111,441,155,TIỆN
500,113,502,101,530,106,528,117,NAM
474,111,477,94,501,99,498,115,VIỆT
443,101,446,89,475,97,472,109,VINA
416,97,418,83,445,88,443,102,ONE
244,115,252,74,366,98,358,138,HÀNG
380,89,384,71,418,78,414,96,XUẤT
352,84,355,67,383,72,379,89,SẢN
330,80,333,62,354,67,351,84,VÀ
143,100,151,48,245,65,236,116,CỬA
301,77,304,56,334,61,331,81,MẠI
238,58,241,44,301,56,298,71,THƯƠNG
188,47,191,33,235,42,232,56,TNHH
163,42,166,26,189,31,185,47,TY
113,30,117,13,164,23,161,40,CÔNG