38,420,38,415,49,415,49,420,HỌC
27,419,28,414,39,415,39,420,Chỏ
49,390,49,384,59,385,59,390,000
33,381,33,374,43,374,43,381,Chà
51,380,52,373,62,374,61,382,đến
140,332,140,327,150,327,150,332,Mi
156,332,156,326,189,326,189,332,Lri
157,324,157,319,172,319,172,324,ỆALO
178,324,178,318,187,318,187,324,-
170,324,170,318,179,318,179,324,chi
138,325,138,317,153,317,153,325,THE
235,219,235,204,269,204,269,219,place
196,217,196,204,232,204,232,217,sweet
129,215,130,203,192,204,192,216,traditional
74,215,74,203,124,203,124,215,Vietnam
159,183,159,175,167,175,167,183,-
89,192,91,158,122,160,120,194,xôi
124,192,127,155,160,158,157,195,nén
251,199,253,152,300,154,298,201,Tôi
214,195,214,155,249,155,249,195,Bà
169,194,170,153,211,154,210,194,Chè
45,193,46,153,88,154,88,193,Chè
273,121,273,112,329,114,329,123,0969681188
240,121,240,112,271,112,271,121,Mobile:
22,120,22,111,37,111,37,120,ĐC:
84,121,84,110,103,110,103,121,Hữu
52,121,52,110,83,110,83,121,Nguyễn
38,120,39,110,52,110,51,121,85
103,121,103,109,127,109,127,121,Huân
221,54,314,51,316,105,223,108,Tôi
134,98,136,51,212,54,210,102,Bà
39,100,39,52,127,53,126,101,Chè