15,1188,15,1181,29,1181,29,1188,www
284,1190,284,1178,377,1180,377,1191,0936.164.588
206,1179,270,1179,270,1191,206,1191,201.1738
168,1179,202,1179,202,1191,168,1191,0243
101,1179,162,1179,162,1190,101,1190,HOTLINE:
30,1188,31,1179,85,1181,85,1190,Jnuvhieuhuyen.vn
146,1163,180,1163,180,1175,146,1175,TNHH
133,1175,133,1164,148,1164,148,1175,TY
341,1174,341,1163,378,1163,378,1174,HUYỂN
100,1175,100,1163,130,1163,130,1175,CÔNG
312,1175,312,1160,339,1160,339,1175,HIỀU
282,1175,282,1160,310,1160,310,1175,THẤT
259,1175,259,1161,280,1161,280,1175,NỘI
221,1175,221,1160,244,1160,244,1175,CÁO
202,1174,202,1161,220,1161,220,1174,NG
181,1162,205,1160,206,1174,182,1176,QUẢ
244,1174,244,1160,260,1160,260,1174,VÀ
89,1057,89,1024,123,1024,123,1057,Nam
124,1055,124,1025,148,1025,148,1055,Nũ
750,975,773,974,774,983,750,985,0982
776,985,776,973,795,973,795,985,925
101,1003,101,967,133,967,133,1003,TÓC
655,993,655,959,695,959,695,993,8B
780,968,780,944,801,944,801,968,VỊT
728,965,728,942,777,942,777,965,TRỨNG
95,951,95,912,138,912,138,951,Kiểu
725,886,798,885,799,933,726,935,NÓN
649,933,652,869,697,871,694,935,Bản
99,903,99,862,132,862,132,903,Tạo
727,881,727,832,801,832,801,881,CUÔ
98,843,98,806,132,806,132,843,Hồi
658,857,661,802,688,803,686,858,Cơ
727,830,727,781,798,781,798,830,BÁN
91,793,95,754,141,758,138,797,Phục
655,733,686,731,688,787,658,789,Đa
104,746,104,697,131,697,131,746,Ếp
649,666,690,664,693,720,652,722,Sơc
98,686,99,662,135,664,134,687,UOI
538,664,538,639,585,639,585,664,TẶNG
498,662,498,639,535,639,535,662,QUÀ
415,640,440,640,440,659,415,659,VÀ
443,659,443,638,494,638,494,659,NHIỀU
627,662,627,637,665,637,665,662,DẪN
588,661,588,638,623,638,623,661,HẤP
679,603,696,602,698,643,681,644,m
209,628,209,589,266,589,266,628,KHAI
271,628,271,587,361,587,361,628,TRƯƠNG
460,633,460,584,558,584,558,633,30
564,635,566,579,645,582,644,637,%
78,629,78,582,140,582,140,629,TƯNG
141,628,144,577,208,580,206,631,BÙNG
423,604,423,582,456,582,456,604,GIA
366,604,366,580,417,580,417,604,GIẢM
644,461,644,445,743,445,743,461,0981791713
94,466,94,443,125,443,125,466,ngõ
601,461,602,442,640,444,640,462,Tuấn:
163,463,163,442,218,443,218,464,Trương
128,463,128,443,159,443,159,463,521
565,462,567,442,599,445,597,465,Huy
223,464,223,439,265,439,265,464,Định
56,463,56,437,91,437,91,463,8B
605,439,605,421,640,421,640,439,Anh
554,440,555,421,602,423,601,442,Phương
643,420,741,420,741,438,643,438,0967892186
605,316,686,316,686,349,605,349,salon
349,348,351,313,462,318,460,353,Beauty
524,347,525,314,596,317,595,350,Hair
470,350,472,313,511,315,510,352,&
341,249,599,246,599,301,342,305,TAMY