272,367,320,367,320,381,272,381,0802
194,381,195,366,266,367,266,381,096543
380,382,380,366,417,366,417,382,665
424,384,424,365,448,365,448,384,29
339,382,339,365,376,365,376,382,024
108,382,109,365,186,366,186,383,Hotline:
453,365,490,364,490,383,454,385,665
475,337,475,323,500,323,500,337,100
553,255,592,254,592,269,553,271,HAK
339,251,403,250,403,272,339,272,TRỌN
124,251,183,250,183,271,125,273,DỊCH
410,249,454,248,455,270,410,271,GÓI
188,272,188,248,222,248,222,273,VỤ
228,271,228,246,284,246,284,271,CƯỚI
290,271,290,244,332,244,332,271,HỎI
2,236,2,230,23,230,23,236,ENHƯỚC
27,235,27,230,40,230,40,235,KHOA
62,235,62,230,82,230,82,235,MINH
51,235,51,230,62,230,62,235,TIỆP
39,230,51,230,51,235,39,235,VIET
14,214,56,214,56,225,15,226,TRUNG
218,221,218,212,239,212,239,221,DỊCH
1,228,1,212,11,212,11,228,T
370,213,420,212,420,219,370,220,ĐT:01662169
292,221,292,212,305,212,305,221,HN
439,212,488,212,488,219,439,219,0989601889
419,220,419,212,435,212,435,220,668
200,212,216,212,216,221,200,221,MAI
77,220,77,212,92,212,92,220,ĐC:
265,221,265,211,285,211,285,221,GIẤY
169,221,169,211,194,211,194,221,THIỆN
91,220,91,212,105,212,105,220,102
245,221,245,211,263,211,263,221,CẦU
128,219,128,211,152,211,152,219,DOÀN
107,220,107,209,126,209,126,220,PHỐ
154,220,154,209,167,209,167,220,KẾ
52,209,52,198,70,198,70,209,KHI
25,209,25,197,49,197,49,209,KIM
0,209,0,198,23,198,23,209,ANG
347,207,347,197,371,197,371,207,HOA
304,209,304,196,334,196,334,209,NGHỊ
375,206,375,196,400,196,400,206,SINH
252,207,252,196,277,197,276,207,HOA
184,206,184,196,208,197,207,207,HOA
403,208,403,193,435,194,434,209,NHẬT
278,210,278,193,300,193,300,210,HỘI
136,205,136,194,180,194,180,205,CHUYÊN
210,207,211,192,239,193,238,208,CƯỚI
542,199,542,188,554,188,554,199,10
524,188,541,188,541,199,524,199,ĐC:
560,197,560,188,582,188,582,197,Down
582,196,582,186,599,186,599,196,Kế
565,179,591,179,591,185,565,186,HOZOANYT
313,187,315,143,376,146,374,190,Gia
191,177,194,144,304,153,301,185,Hoàng
536,115,597,113,598,148,537,150,NH/
239,129,240,119,261,120,260,130,Hêu
308,127,309,119,333,122,332,130,Thuật
271,125,271,109,300,109,300,125,Nghệ
563,101,564,87,593,88,592,102,PHO
134,62,134,54,168,55,168,62,Printing
81,61,81,54,128,55,128,62,Advertising
79,51,79,23,165,23,165,51,TLP
23,24,69,16,76,58,30,65,&