249,521,267,514,272,527,253,534,Mill
606,494,649,493,649,501,606,502,NGUYỄN
625,492,625,487,646,487,646,492,HÀNG
645,486,655,486,655,493,645,493,ĐT
608,486,624,486,624,493,608,493,CỬA
463,484,503,482,503,492,464,494,SAMSUNG
546,481,585,480,586,490,546,491,SAMSUNG
181,482,182,467,244,471,243,486,oph
91,428,91,424,115,424,115,428,0000
663,418,663,392,682,392,682,418,XINH
628,380,655,379,656,391,629,393,m3G
660,391,660,367,679,367,679,391,SHOP
614,367,655,367,655,375,614,375,THỨCCUAVIETT
599,375,599,367,617,367,617,375,CHÍNH
477,364,477,345,500,345,500,364,ĐTDD
452,365,452,345,476,345,476,365,HÀNG
432,347,450,345,453,364,435,366,CỬA
503,345,573,344,573,361,503,362,NGUY
274,363,274,341,315,341,315,363,TỬ
321,360,321,342,337,342,337,360,S
146,359,146,338,265,340,265,362,NGUYỄN
19,349,19,344,26,344,26,349,HO
113,359,114,340,143,341,142,360,ĐTDD
612,338,649,337,650,359,613,360,TỬ
572,361,572,337,608,337,608,361,ẾN
655,357,655,338,667,338,667,357,B
82,357,83,334,113,336,112,359,HÀNG
59,355,62,332,82,334,80,357,CỬA
84,297,84,290,108,290,108,297,Vương
185,297,186,289,209,290,208,299,Dương
126,297,126,289,139,289,139,297,TX
109,297,109,289,129,289,129,297,KP.2
67,298,67,289,84,290,84,299,Hùng
169,298,169,289,184,289,184,298,Bình
154,298,154,289,168,289,168,298,Cát.
141,297,141,288,154,288,154,297,Bến
54,298,54,288,67,288,67,298,460
606,295,606,287,648,287,648,295,0906818182
583,288,605,287,605,296,584,297,thoại:
565,287,582,287,582,297,565,297,Điện
252,296,252,259,414,259,414,296,NGUYÊN
428,256,483,254,484,297,429,299,TÚ
206,211,519,211,519,232,206,232,SMARTPHONE
193,139,523,133,524,191,194,197,OPPO