336,346,394,345,394,360,336,360,songma.
397,358,397,344,516,345,516,359,2010@gmail.com
145,359,145,343,178,343,178,359,3687
288,358,288,342,332,342,332,358,Email:
181,342,215,342,215,359,181,359,6261
83,342,116,342,117,359,83,360,TEL:
119,359,119,341,141,341,141,359,04.
292,318,301,318,301,326,292,326,-
490,327,490,318,498,318,498,327,-
407,329,407,312,459,312,459,329,THANH
247,328,247,312,291,312,291,328,KHNN
342,329,342,310,396,310,396,329,QUỲNH
43,330,43,310,72,310,72,330,ĐC:
208,332,208,308,244,308,244,332,VIỆN
142,332,142,308,174,308,174,332,TẬP
109,329,109,310,132,310,132,329,D5
301,330,301,308,339,308,339,330,VĨNH
74,329,74,308,107,308,107,329,NHÀ
528,333,528,307,558,307,558,333,NỘI
461,330,461,308,491,308,491,330,TRÌ
502,329,502,307,527,307,527,329,HÀ
173,329,174,304,208,305,207,330,THỂ
334,298,334,199,492,199,492,298,VIỆT
110,281,110,201,312,202,311,282,SÔNG
244,183,244,151,353,151,353,183,TNHH
174,185,175,145,233,147,232,187,TY
46,184,46,143,164,143,164,184,CÔNG
367,183,367,136,486,137,485,184,QUỐC
497,185,497,134,555,134,555,185,TẾ
178,111,178,95,233,95,233,111,HOẠCH
327,109,327,93,378,93,378,109,THÀNH
299,112,299,93,324,93,324,112,TƯ
445,112,446,90,476,91,476,113,NỘI
382,91,418,91,418,111,382,111,PHỐ
236,112,236,91,262,91,262,112,VÀ
262,90,298,90,298,111,262,111,ĐẦU
419,111,419,90,444,90,444,111,HÀ
150,111,151,89,177,90,176,112,KẾ
124,111,124,89,151,89,151,111,SỞ