82,460,111,458,111,463,82,464,kitan
111,459,135,457,135,461,111,462,MUNTION
21,463,21,457,36,457,36,463,KHAI
36,458,54,457,55,461,37,462,HOAN
56,456,71,456,71,462,56,462,LAND
82,450,97,450,97,453,82,453,-
102,450,124,448,124,451,102,453,PHUẠI
31,457,31,441,59,441,59,457,3:L
339,364,358,364,358,373,339,373,TACHI
99,367,99,361,136,361,136,367,WELCOME
188,360,208,360,208,364,188,364,104110
305,385,305,338,319,338,319,385,ACY
329,326,329,319,348,319,348,326,REBORTS
0,306,32,306,33,340,0,341,HUỐC
328,315,328,307,346,307,346,315,KOTELS
327,304,328,296,348,296,347,305,AIRLINES
328,275,328,262,346,262,346,275,54
0,259,24,259,25,292,0,292,NHÀ
300,263,300,253,318,254,318,263,PẤK
306,208,307,198,350,202,349,212,ĐT:54124838
291,207,291,196,304,197,303,208,Q.7
272,204,273,193,290,195,289,206,CẢNH
258,203,259,192,273,193,272,204,ĐỨC
233,200,235,189,259,192,258,203,NGUYỄN
224,199,224,190,234,191,233,200,56
175,193,176,185,195,187,194,196,2330
130,189,131,181,173,184,173,193,CCNDDKKDT
110,188,111,177,126,179,125,190,CÒN
95,186,96,177,111,179,109,188,KIM
82,187,82,175,96,175,96,187,THỊ
51,181,52,170,81,173,80,184,NGUYỄN
37,180,38,171,50,172,49,181,ĐS:
147,166,150,143,265,158,262,181,Pharmacy
324,156,326,127,347,129,345,158,8
211,138,214,113,319,126,316,152,KHANG
153,132,157,102,206,109,202,139,AN
42,118,47,79,147,93,141,132,PHÚC
185,73,188,58,232,66,230,81,FẤK