147,475,187,453,194,466,153,488,en.vn
475,451,626,450,626,465,475,466,0903.66.55.94
241,446,300,446,300,475,241,475,Nhận
414,475,414,445,464,446,463,476,hiệu
352,474,352,445,408,445,408,474,bảng
305,471,305,445,347,445,347,471,làm
81,446,81,432,101,432,101,446,Bảy
59,444,60,430,82,432,81,445,Thứ
35,444,36,430,58,432,57,445,Sáu,
11,440,14,427,36,431,34,444,(The
60,427,60,412,96,412,96,427,13h15
16,423,18,410,53,413,52,426,Chiệu
61,408,61,391,91,391,91,408,7h30
95,407,98,391,110,393,107,409,1
502,357,534,339,541,350,508,368,benh
449,352,449,337,484,337,484,352,HNY
405,350,406,337,447,338,447,351,GCN/
368,350,368,337,402,337,402,350,726/
280,352,281,335,325,337,324,354,NHẬN
330,352,330,335,355,335,355,352,SỐ
217,349,217,335,274,336,273,350,CHỨNG
172,350,173,333,211,334,210,350,GIẤY
110,350,149,328,157,343,118,365,enhvi
541,333,575,319,580,330,546,345,fien.
432,322,432,297,462,297,462,322,EM
291,322,291,294,348,294,348,322,NGƯỜI
352,323,352,293,390,293,390,323,LỚN
392,290,429,290,429,322,392,322,TRẺ
327,286,327,264,376,264,376,286,KHOA
434,259,485,258,485,288,434,289,QUÁT
172,259,207,258,208,290,173,291,TRỊ
290,292,290,257,324,257,324,292,NỘI
211,292,211,255,264,255,264,292,BỆNH
379,288,381,253,432,254,431,290,TỔNG
175,194,281,191,282,242,176,245,PHẠM
397,248,397,182,486,183,485,249,HIỆU
285,244,285,178,396,178,396,244,KHẮC
72,226,147,183,156,197,81,241,Timpenhv
145,187,165,177,170,186,150,197,ier
509,206,588,162,595,174,516,219,bahvien.vn
274,143,342,143,342,172,274,172,BÁC
347,172,347,142,383,142,383,172,SĨ
72,84,110,61,118,75,80,97,Timb
274,82,388,18,395,30,281,94,Timbenhvđen.vn
474,81,589,17,596,31,482,95,Thabanhvien.vn
109,64,187,17,194,29,116,76,2unvien.vn