3357,2013,3908,2011,3909,2100,3358,2102,0909.779.899
3157,2111,3157,2000,3319,2000,3319,2111,ĐT:
2315,2111,2315,1997,2450,1997,2450,2111,P.1
1483,2116,1483,1990,1666,1990,1666,2116,335
2551,1978,2848,1970,2851,2109,2554,2117,Q.TÂN
2871,2112,2874,1972,3109,1978,3105,2117,BÌNH
1846,1966,2065,1961,2069,2111,1850,2116,VĂN
2091,2114,2091,1963,2235,1963,2235,2114,SỸ
1689,2111,1689,1963,1822,1963,1822,2111,LÊ
3471,1920,3473,1742,3885,1747,3883,1925,KHÁC
3072,1732,3419,1732,3419,1920,3072,1920,MÓN
2546,1922,2546,1748,2663,1748,2663,1922,&
2702,1922,2702,1725,3024,1725,3024,1922,CÁC
1495,1937,1504,1716,1858,1730,1849,1951,ĐẶC
1902,1910,1905,1713,2238,1717,2236,1913,SẢN
2277,1922,2277,1714,2505,1714,2505,1922,DÊ
1684,1554,1685,1076,2700,1079,2699,1557,TRI
2901,995,3678,988,3684,1598,2907,1606,KỶ
2847,977,2851,693,3268,700,3263,984,DÊ
2107,945,2120,597,2750,621,2737,968,LẨU